1334 1654 -1
1851 174 -1
1937 221 -1
1279 1635 -1
397 810 -1
1792 797 -1
1644 1604 -1
1123 1379 -1
756 1256 -1
695 581 -1
2012 1611 -1
1181 260 -1
1280 1484 1
26 71 -1
788 979 -1
1387 598 -1
1468 1801 -1
1206 791 -1
1918 806 -1
1317 1354 -1
992 1025 -1
885 1764 -1
1649 934 -1
110 1986 -1
1565 20 -1
1892 661 -1
154 426 -1
44 577 1
500 979 -1
1880 689 -1
347 1795 -1
1577 1553 1
1751 400 -1
1758 727 -1
1044 576 -1
442 106 -1
1595 1931 1
188 2014 -1
69 1064 -1
252 150 -1
109 1023 -1
1055 1066 1
1342 1837 -1
1174 1359 -1
1706 261 -1
1624 1975 1
1220 1624 -1
679 779 -1
2017 1271 -1
1008 213 1
118 834 1
1845 868 -1
1175 893 -1
401 1848 -1
968 113 -1
1375 663 -1
1416 1181 -1
2053 655 -1
395 1788 -1
674 1551 -1
1424 935 -1
1295 1528 -1
969 1436 -1
1512 100 -1
1069 519 -1
485 756 -1
1426 2010 -1
1303 2085 -1
1949 1827 -1
1322 781 -1
1352 1754 -1
1088 1430 -1
1994 303 -1
756 957 -1
353 1480 -1
2018 601 1
255 1670 -1
1986 821 -1
1962 2099 -1
909 1827 -1
29 1972 -1
1532 387 -1
1525 243 -1
70 1848 -1
192 1195 -1
63 1586 -1
1672 1496 -1
826 1865 -1
1749 1611 -1
404 1071 -1
2071 818 1
546 1784 -1
1516 1485 1
283 786 -1
924 1683 -1
180 1843 -1
1728 740 -1
1317 1368 -1
132 1441 -1
453 847 -1
4 518 -1
166 1075 -1
1758 331 -1
1203 1581 -1
1559 588 -1
1612 952 -1
900 1146 -1
439 670 -1
991 266 -1
423 1903 -1
466 185 -1
1215 470 -1
603 1720 -1
1509 1347 -1
277 425 -1
252 118 -1
1208 1239 1
1243 1512 1
1414 298 1
983 191 1
1825 1090 1
1491 1585 1
745 1643 1
610 2023 1
407 1278 1
593 38 1
597 1338 1
946 1727 1
1692 1677 1
1306 516 1
1858 1785 1
578 558 1
1664 1342 1
749 762 1
1595 1594 1
39 1984 1
1655 565 1
793 1341 1
393 1016 1
1762 313 1
1499 1263 1
883 817 1
779 1376 1
334 1432 1
1636 552 1
148 611 1
1405 2083 1
1515 397 1
730 520 1
899 861 1
549 1980 1
137 2081 1
1943 1334 1
2087 978 1
1476 1527 1
500 1930 1
836 58 1
1132 1138 1
1956 1303 1
815 2060 1
1186 1202 1
523 544 1
554 1976 1
260 1766 1
1888 1134 1
1436 283 1
436 406 1
1211 1179 1
375 1056 1
606 799 1
989 621 1
625 1400 1
837 54 1
1883 1193 1
1605 1906 1
165 2087 1
325 1069 1
1158 1179 1
235 682 1
1546 1573 1
1866 1221 1
448 1458 1
1879 1833 1
1865 1807 1
451 422 1
1535 1257 1
25 33 1
2094 278 1
173 198 1
1199 1105 1
443 428 1
637 217 1
461 402 1
1952 1633 1
689 246 1
1547 1522 1
1748 158 1
1905 1640 1
337 673 1
1475 1553 1
1733 220 1
908 1725 1
838 51 1
939 814 1
44 560 1
756 1638 1
513 1912 1
836 99 1
1087 1793 1
1350 1985 1
