1413 1633 -1
1280 2017 -1
1174 1764 -1
1005 115 -1
1341 826 -1
1971 1713 -1
615 1196 -1
364 1744 -1
359 2000 -1
678 2097 1
1948 1274 -1
1435 186 -1
1028 1990 -1
1016 765 -1
252 1865 -1
660 1687 -1
1044 1015 1
965 1220 -1
693 1248 -1
252 1161 -1
726 1943 1
202 1052 -1
755 1946 1
683 1779 -1
1055 1195 -1
1977 1819 -1
608 936 -1
786 918 -1
1674 654 -1
965 1526 -1
380 1583 -1
71 1687 -1
710 669 -1
347 594 -1
1290 1359 -1
969 1535 -1
1911 854 -1
1565 1933 -1
529 463 -1
653 1951 -1
1079 810 -1
703 1950 -1
1698 937 -1
403 2035 -1
554 1969 1
1899 1750 -1
1740 859 -1
73 1781 -1
1337 400 -1
558 1386 -1
192 1528 -1
1924 1832 -1
483 1293 -1
716 906 -1
2074 1951 -1
396 443 1
394 689 -1
697 1863 -1
853 373 -1
330 1491 -1
942 992 -1
994 817 -1
1777 372 -1
1079 1728 -1
1517 450 1
1827 1380 -1
2003 1867 -1
786 547 -1
1543 562 -1
978 1005 1
1694 421 -1
1292 1825 -1
1898 2021 -1
1315 790 -1
473 684 -1
258 1433 1
33 306 -1
285 567 -1
1516 1454 1
1187 411 -1
2080 1080 -1
1625 252 -1
1809 292 -1
567 1840 -1
1077 437 -1
1580 1412 -1
714 932 -1
1495 252 -1
1200 1554 -1
1782 1046 -1
279 863 -1
265 1261 -1
1094 552 -1
280 1637 -1
1733 797 -1
1850 435 -1
33 1010 -1
1038 1700 -1
932 444 -1
1556 1172 -1
339 975 -1
1344 141 -1
549 429 -1
983 824 -1
1859 1765 -1
338 1293 -1
1878 270 -1
1517 146 -1
831 1455 -1
1950 533 1
1672 416 -1
1644 982 -1
1222 1973 -1
1921 1607 1
1408 1662 -1
1367 1278 -1
522 1830 -1
2058 1603 -1
1479 1145 -1
61 2024 -1
1199 904 -1
1660 243 -1
887 28 -1
1832 1101 1
2009 965 -1
1046 524 -1
1301 121 -1
1086 823 -1
384 1689 -1
1182 1076 1
1307 1048 -1
1752 1239 -1
1623 1647 -1
1649 471 -1
1881 142 -1
835 584 -1
1021 925 -1
1731 111 -1
1831 53 -1
874 399 -1
1164 381 -1
899 1491 -1
603 1340 1
249 1817 -1
2025 1272 -1
1945 1573 -1
1178 1110 1
1609 846 -1
1750 60 -1
474 1766 -1
1254 1824 -1
1779 1160 1
1263 1547 1
719 2009 -1
1781 238 -1
423 505 -1
1177 769 -1
281 1370 -1
1359 1321 -1
346 1896 -1
1697 897 -1
631 339 -1
2098 1743 -1
50 1306 -1
965 1664 -1
57 969 -1
290 578 -1
2046 669 -1
1855 585 -1
408 1104 -1
1775 1796 1
1444 1129 -1
1591 745 1
1139 947 -1
20 1174 -1
656 865 -1
1962 1456 -1
323 1656 -1
2052 1652 -1
1778 895 -1
123 88 1
915 668 -1
1911 1643 1
1148 1015 -1
1535 13 -1
1091 1921 -1
1654 859 -1
36 1090 -1
840 647 -1
707 416 -1
750 1417 -1
849 953 -1
939 633 -1
2003 1764 -1
1813 1298 -1
41 26 1
907 31 -1
566 1470 -1
317 577 -1
179 62 -1
195 1060 -1
1765 1700 -1
1657 624 -1
172 1133 -1
1404 697 -1
717 404 -1
136 1106 -1
737 323 -1
265 549 -1
984 668 1
10 384 -1
1830 447 -1
539 949 -1
1319 83 -1
1509 248 -1
401 511 -1
1216 1683 -1
1775 1987 -1
261 433 -1
264 1886 -1
1820 1470 -1
2015 1930 -1
226 1505 -1
397 356 -1
1272 1239 -1
1734 2052 -1
1281 1602 -1
1304 1004 -1
864 929 1
1953 1440 -1
991 1072 -1
1958 738 1
1176 252 -1
981 1859 -1
848 509 -1
340 1956 -1
833 1710 1
1151 1898 1
152 1731 1
22 16 1
35 1659 1
389 1417 1
1337 44 1
1836 1133 1
745 1637 1
226 162 1
434 415 1
337 240 1
628 145 1
1308 1294 1
185 1750 1
768 559 1
732 722 1
198 656 1
1775 1817 1
40 2019 1
1979 1909 1
586 1691 1
1589 1629 1
1395 1393 1
1808 1862 1
1743 1752 1
1092 1865 1
509 1292 1
1862 1851 1
251 321 1
688 1038 1
1438 1057 1
66 1705 1
235 1767 1
404 1571 1
173 967 1
1026 262 1
1378 23 1
1460 1266 1
1164 1896 1
770 1683 1
111 936 1
994 657 1
1698 25 1
316 308 1
1696 1363 1
1243 1265 1
745 1930 1
1069 324 1
350 263 1
1775 1774 1
609 763 1
1634 1969 1
21 780 1
1916 1293 1
1331 1296 1
915 868 1
1811 1839 1
402 1252 1
1435 260 1
866 52 1
882 66 1
1549 1266 1
661 1759 1
178 221 1
1692 598 1
1536 1492 1
899 120 1
1022 699 1
1881 1087 1
2019 2025 1
2009 40 1
1671 2013 1
408 449 1
1336 2027 1
1043 1414 1
831 2063 1
180 1730 1
96 928 1
361 290 1
643 1381 1
784 1376 1
2098 311 1
1211 1236 1
1129 1107 1
1023 391 1
690 1015 1
1987 1999 1
41 770 1
1076 1895 1
85 837 1
1207 1084 1
829 1708 1
772 812 1
2037 889 1
2001 17 1
1401 1382 1
2059 1722 1
225 650 1
964 959 1
262 301 1
218 148 1
332 702 1
1340 567 1
1299 1292 1
560 41 1
642 1739 1
1657 1696 1
1081 1179 1
378 692 1
611 2088 1
1419 1412 1
1536 464 1
1859 1830 1
887 99 1
1948 1319 1
294 1043 1
423 1500 1
845 84 1
1239 1110 1
604 15 1
870 2059 1
1331 509 1
128 1712 1
640 2081 1
2008 1993 1
978 985 1
157 2079 1
1895 1225 1
1970 1608 1
1500 1488 1
290 314 1
949 923 1
291 1407 1
163 228 1
853 2063 1
697 386 1
971 150 1
1715 864 1
1725 121 1
1242 456 1
859 88 1
1290 1564 1
28 570 1
439 1505 1
1949 1973 1
1658 560 1
1194 1848 1
2057 95 1
383 1046 1
1265 403 1
1218 1806 1
706 1918 1
1994 592 1
237 1052 1
2074 1386 1
1681 2023 1
547 731 1
1072 1858 1
2066 895 1
582 1378 1
1399 1006 1
1898 1085 1
1228 1090 1
1685 1367 1
911 1729 1
1076 1174 1
1348 1999 1
1504 436 1
554 1923 1
407 1572 1
394 1574 1
525 1920 1
1485 1446 1
1354 25 1
714 521 1
1859 1786 1
1112 1095 1
440 1480 1
1625 1324 1
1266 1454 1
699 1020 1
1961 746 1
1511 1558 1
