1388 1871 -1
770 3 1
1042 315 1
1607 30 -1
472 1664 -1
1489 1771 -1
1626 1220 -1
1767 342 1
1297 850 -1
977 1895 -1
498 1126 -1
222 2026 -1
1824 419 -1
1909 1877 -1
724 2008 -1
652 1189 -1
2073 170 1
2067 1634 -1
594 1538 -1
49 491 -1
1115 1741 -1
124 1179 -1
1250 2041 -1
1063 1010 -1
1274 658 -1
1438 1214 -1
1902 939 -1
506 686 -1
1001 1907 -1
2039 2015 -1
2044 736 -1
418 458 1
88 1495 -1
819 115 1
134 1176 -1
1021 1023 1
716 640 -1
1900 1133 1
1263 1575 1
1732 931 -1
1077 1653 -1
589 1825 -1
1053 1856 -1
1807 1162 1
532 1411 -1
1943 535 1
1494 1452 1
52 97 1
746 1985 -1
823 357 -1
1767 906 -1
1236 820 -1
1938 956 -1
1414 1106 -1
1186 325 -1
187 625 1
255 1248 -1
284 1226 -1
1555 1365 -1
1378 956 -1
1976 42 -1
477 1765 -1
194 1372 -1
2068 1325 -1
819 386 -1
603 2040 -1
1427 1983 -1
1899 1892 1
796 794 1
1836 1138 1
1341 1358 1
1640 537 1
1228 1158 1
1807 1815 1
340 334 1
462 414 1
1078 1228 1
1458 416 1
1259 1535 1
1224 1830 1
15 569 1
1071 1897 1
1287 1513 1
871 125 1
1885 1823 1
402 1567 1
1308 720 1
855 1721 1
1479 1545 1
625 164 1
1101 1194 1
2089 977 1
343 378 1
471 1244 1
647 224 1
552 760 1
1158 1840 1
706 1587 1
901 862 1
446 467 1
147 225 1
743 759 1
516 753 1
1121 1796 1
703 477 1
2027 1690 1
