1446 1560 1
1703 1520 -1
387 1109 -1
1763 1826 -1
1792 1624 -1
1893 875 -1
498 88 -1
584 1800 -1
1494 1746 -1
465 1209 -1
112 1461 -1
1596 231 -1
1345 1521 -1
1134 806 -1
501 1981 1
1683 1191 -1
135 836 1
34 421 -1
1859 1402 -1
564 2068 -1
234 332 1
1916 1706 -1
1042 1374 -1
1934 1678 -1
1162 728 -1
1049 2010 -1
1865 848 -1
118 504 -1
458 1237 -1
19 898 -1
280 607 -1
698 2063 -1
600 1271 -1
795 964 -1
909 223 -1
1199 167 -1
1444 1384 -1
615 286 -1
567 1430 -1
1950 1395 -1
130 1561 -1
251 1230 -1
2018 591 1
266 1904 -1
1144 1454 -1
63 1905 -1
686 700 1
1465 1189 -1
849 385 -1
311 322 1
875 12 -1
1389 175 1
1740 1532 -1
1440 848 -1
1031 372 1
814 485 -1
1846 615 -1
243 28 -1
1690 1508 -1
204 1626 -1
130 296 -1
1541 1397 -1
329 1989 -1
539 807 -1
794 1274 -1
1431 1891 -1
1745 944 -1
231 12 -1
549 1936 1
708 792 -1
1081 710 -1
1910 1948 1
1685 1445 -1
2068 2058 1
138 1458 -1
564 399 -1
836 732 -1
1960 991 -1
183 778 -1
1031 1376 -1
1202 21 -1
508 1360 -1
383 427 -1
1417 414 -1
789 1794 -1
1231 955 -1
1539 705 1
1789 1500 -1
1404 292 -1
1251 927 -1
1958 188 -1
845 1528 -1
1948 129 -1
28 142 -1
1753 543 -1
1489 385 -1
188 346 -1
357 708 -1
1938 2064 -1
85 1657 -1
26 1478 -1
101 690 -1
320 368 1
1043 1650 -1
1897 1641 -1
1121 652 -1
1515 800 -1
1164 450 -1
190 2072 1
1419 1696 -1
412 904 -1
2088 400 -1
1590 1403 -1
937 1896 -1
1813 1932 -1
1428 537 -1
1961 1668 -1
1750 1131 -1
1542 483 1
522 1066 -1
794 843 -1
1207 1100 1
441 1261 1
1285 463 1
34 1355 1
1371 556 1
997 159 1
2055 938 1
1253 1493 1
1719 834 1
852 1720 1
1795 1182 1
746 1941 1
1914 1976 1
1427 1770 1
184 990 1
1619 1954 1
1518 1256 1
496 538 1
1049 282 1
2029 1683 1
1289 1526 1
1369 1662 1
1132 1835 1
1507 1558 1
629 2080 1
31 772 1
814 1725 1
291 301 1
1249 1442 1
1700 926 1
597 1647 1
819 827 1
132 126 1
1558 1453 1
596 1987 1
928 1722 1
388 383 1
1472 1558 1
640 976 1
1269 485 1
592 1346 1
184 159 1
2058 921 1
852 124 1
1995 1696 1
246 372 1
1883 1097 1
1710 80 1
878 892 1
23 1374 1
1695 24 1
805 1692 1
878 945 1
858 2033 1
1294 1917 1
1971 721 1
1304 1978 1
1434 253 1
110 897 1
260 1416 1
595 1661 1
1880 1164 1
678 699 1
814 52 1
515 1630 1
1593 1951 1
905 925 1
1985 10 1
761 534 1
1483 1269 1
1740 2092 1
210 669 1
403 488 1
1242 1570 1
597 560 1
1407 341 1
629 667 1
201 203 1
979 1730 1
194 1746 1
313 242 1
1214 1792 1
1086 1097 1
1200 1799 1
620 655 1
1304 1951 1
1359 2015 1
1747 1754 1
174 1381 1
