1943 1513 -1
2088 1598 -1
1868 875 -1
1432 448 -1
278 466 -1
123 1128 -1
1850 1061 -1
993 1827 -1
622 691 -1
547 6 -1
1066 428 -1
1060 502 -1
1980 1550 -1
1015 1354 -1
645 1991 -1
1122 1429 -1
2086 444 -1
100 634 -1
940 146 -1
1095 1883 1
1130 1804 1
401 1879 -1
413 83 -1
1292 1378 -1
1842 1366 -1
1790 5 -1
829 207 -1
356 1808 -1
834 1253 -1
1544 1836 -1
1057 1369 -1
975 973 1
167 819 -1
1476 1056 -1
472 1524 1
835 1431 -1
180 425 -1
211 297 -1
1951 1231 -1
2049 1470 -1
534 1270 -1
1746 1010 1
1276 635 -1
1529 1212 -1
1704 1535 -1
822 1840 -1
371 181 -1
1969 1662 -1
1463 327 -1
479 712 -1
742 1173 -1
891 630 -1
439 982 -1
849 369 -1
166 229 1
279 175 -1
191 1212 -1
1681 1307 -1
94 1081 -1
1677 1585 -1
1818 868 -1
545 1456 -1
1422 134 -1
1890 614 -1
2045 40 -1
1194 250 -1
1729 198 -1
2072 1768 -1
726 1166 -1
107 695 -1
1130 511 -1
915 1192 -1
1246 892 -1
296 1905 -1
104 959 -1
369 1672 -1
1601 1558 -1
1249 1649 -1
59 400 -1
1302 1155 -1
1483 1550 1
429 981 -1
514 1454 -1
799 567 1
1728 15 -1
540 375 -1
999 1608 -1
161 1485 -1
796 1774 -1
1605 1218 -1
1417 1630 -1
510 1404 -1
1986 210 -1
646 815 -1
1450 265 -1
199 295 -1
413 204 -1
991 1577 -1
760 1256 -1
1208 219 -1
1034 1810 -1
1405 1164 -1
1719 823 1
1357 209 -1
1944 1120 -1
1607 1192 -1
1252 1465 1
1109 425 -1
835 2020 -1
756 1148 -1
215 366 -1
1635 1173 -1
1897 103 -1
751 1790 -1
2067 509 -1
1309 1013 -1
1254 1560 1
505 583 -1
727 1943 1
785 239 -1
1989 166 -1
769 1343 1
59 276 -1
705 1856 -1
208 731 -1
888 99 1
1163 1290 -1
1590 1008 -1
572 622 -1
1844 1885 1
1205 358 -1
1154 1238 1
331 938 -1
660 2056 -1
444 656 -1
1668 818 -1
1090 63 -1
757 1255 -1
662 1929 -1
1037 467 -1
1627 1532 -1
735 923 -1
290 281 1
1814 1456 -1
27 1947 -1
1648 1965 -1
6 723 -1
1362 765 1
1511 861 -1
464 638 -1
842 605 -1
270 483 -1
76 1888 -1
9 937 -1
1598 1563 -1
1177 1841 1
678 537 -1
1559 1853 -1
95 1176 -1
469 1422 -1
1805 1211 1
1358 14 1
1763 1251 -1
1017 783 -1
386 223 -1
496 758 1
912 1420 -1
1441 1244 1
1117 731 -1
2054 391 -1
1145 910 -1
992 499 -1
25 1672 1
541 730 1
416 1754 -1
1515 1934 -1
86 630 -1
137 1206 -1
879 1163 -1
721 1521 -1
501 1944 1
450 1580 1
2084 658 1
432 1356 -1
356 240 1
341 919 -1
956 993 1
667 110 -1
1480 220 -1
1994 1664 1
655 925 -1
1427 1444 -1
539 670 -1
1041 4 -1
335 748 -1
1036 1647 -1
1729 1187 -1
918 216 -1
601 982 -1
375 1476 -1
886 2015 -1
2060 1934 -1
1901 1039 -1
1549 1396 -1
884 1505 -1
151 444 -1
878 1522 -1
1830 54 -1
1475 1770 -1
1419 1656 -1
698 1588 -1
1889 1843 1
629 71 -1
384 1037 1
568 992 -1
144 627 1
927 1125 -1
951 372 -1
447 80 -1
1321 1045 -1
1292 255 -1
818 1344 -1
108 670 -1
1203 973 -1
1859 880 -1
1477 671 -1
474 1786 -1
1438 2051 -1
665 56 -1
223 1352 -1
823 22 -1
1060 1862 -1
90 114 1
467 1832 -1
1117 1930 -1
790 1904 -1
891 782 -1
1142 342 -1
788 605 1
1198 2008 -1
169 675 -1
1039 94 -1
514 872 -1
559 305 -1
985 221 1
667 1199 -1
1873 1714 -1
1625 1946 1
1798 1822 1
1012 1381 1
884 87 1
249 269 1
1448 1258 1
563 1683 1
257 1057 1
2096 290 1
422 1478 1
27 1687 1
790 576 1
1503 486 1
1206 1132 1
1014 368 1
282 382 1
1852 1144 1
596 1370 1
229 209 1
175 616 1
1983 1594 1
1856 1096 1
711 712 1
1912 1293 1
128 860 1
1761 149 1
2 1357 1
1264 1441 1
190 1000 1
1523 1442 1
1215 1220 1
689 676 1
1421 1431 1
791 9 1
458 420 1
98 2047 1
673 348 1
741 734 1
732 539 1
1375 1360 1
937 839 1
667 1386 1
1343 1358 1
356 1412 1
784 1659 1
902 917 1
832 818 1
1066 334 1
804 784 1
862 922 1
787 570 1
454 1465 1
1038 339 1
235 271 1
1882 1072 1
1828 1789 1
2073 1402 1
1494 421 1
1527 1460 1
284 285 1
310 250 1
1335 1341 1
1901 1834 1
1922 722 1
89 131 1
674 1021 1
523 1977 1
1843 1094 1
1308 1302 1
1313 1965 1
927 900 1
132 912 1
403 445 1
2094 322 1
304 288 1
973 1741 1
1009 1386 1
2035 854 1
1037 1025 1
1333 1926 1
640 189 1
831 870 1
1332 731 1
1354 557 1
841 916 1
95 2063 1
2046 105 1
1389 656 1
22 2001 1
1781 1799 1
1433 323 1
2033 895 1
1916 1974 1
1411 354 1
948 49 1
1128 1145 1
2017 1373 1
1601 1295 1
1234 1189 1
677 689 1
1878 1876 1
1121 1890 1
1663 41 1
1754 644 1
651 1403 1
1451 1514 1
429 1264 1
1390 2086 1
596 577 1
1269 1576 1
2051 1717 1
964 1001 1
145 1391 1
430 1451 1
1838 1845 1
1900 1187 1
321 356 1
798 2000 1
2093 692 1
100 1713 1
531 516 1
980 1389 1
323 687 1
254 321 1
776 806 1
315 317 1
337 276 1
22 591 1
1036 1421 1
510 1330 1
1340 10 1
605 589 1
1059 1434 1
1490 1451 1
1778 1151 1
1072 1847 1
1251 1484 1
1523 431 1
1418 697 1
1657 765 1
867 1704 1
689 319 1
1620 745 1
134 892 1
1722 850 1
903 2068 1
1896 1782 1
2091 174 1
1299 725 1
1900 1183 1
145 1751 1
742 758 1
1546 1485 1
158 171 1
1514 445 1
1326 1631 1
1304 1945 1
1747 2081 1
409 1273 1
1402 970 1
507 1331 1
1336 797 1
2023 22 1
752 749 1
798 1 1
1956 758 1
547 524 1
1004 650 1
1327 1938 1
1061 1411 1
1167 1852 1
1670 1645 1
1416 281 1
