1752 918 -1
1605 1121 -1
182 1685 -1
189 1492 -1
1243 1328 -1
396 1098 -1
1816 212 -1
1739 171 1
382 30 -1
557 773 1
747 1476 -1
1567 153 -1
636 539 -1
35 1777 -1
13 1424 -1
1396 374 -1
1170 1908 -1
124 1238 -1
367 1998 -1
1207 502 -1
1136 447 -1
1747 459 -1
813 1885 -1
1625 1696 -1
582 1680 1
1833 631 -1
559 1398 -1
778 1301 -1
1157 1122 1
2032 1529 -1
1091 1330 -1
530 605 -1
1267 24 -1
1134 1520 -1
439 1615 -1
1143 1984 -1
1280 551 -1
1216 1632 -1
1262 555 -1
443 531 -1
15 1407 -1
298 1391 -1
1817 1318 -1
570 1235 -1
1747 1334 -1
34 97 -1
569 1114 -1
152 1405 1
1661 1263 -1
1322 784 -1
172 1021 -1
1931 637 -1
1557 1760 -1
994 643 1
808 287 -1
370 139 -1
30 1297 -1
780 1143 -1
1599 872 -1
1388 194 1
1933 1315 1
498 1930 1
1477 424 1
1595 1298 1
1661 765 1
652 1743 1
1699 1996 1
1881 1103 1
600 785 1
1685 1996 1
588 22 1
788 580 1
926 948 1
2054 900 1
1757 1380 1
594 793 1
231 226 1
456 1249 1
1587 501 1
689 691 1
1372 45 1
1049 382 1
1820 1175 1
1136 1866 1
53 115 1
1824 1185 1
827 928 1
1130 1867 1
1067 234 1
1688 2027 1
1446 1543 1
1489 476 1
668 199 1
1737 969 1
1132 1118 1
1379 953 1
859 938 1
1194 1892 1
552 752 1
1188 1169 1
711 513 1
106 862 1
20 586 1
1894 1807 1
889 104 1
1321 1980 1
