30 1727 -1
245 217 -1
1641 987 -1
1485 1852 -1
1958 1251 -1
103 732 -1
1608 1564 -1
1773 1478 -1
1299 1702 -1
2000 1259 -1
1258 1689 -1
1688 954 -1
922 605 -1
791 857 -1
903 1755 -1
1110 2083 -1
1151 202 -1
1954 580 -1
89 1479 -1
1023 1007 -1
1382 1939 -1
678 1239 -1
1295 1005 -1
312 190 -1
1652 924 -1
1759 1220 -1
132 1208 -1
443 703 1
343 280 1
968 1362 -1
1002 1850 -1
2025 849 -1
1487 1256 1
1520 1992 -1
493 265 -1
963 919 -1
1144 1243 -1
880 231 -1
857 1810 -1
1284 75 -1
749 673 -1
548 1893 -1
1711 449 -1
790 450 -1
1627 1781 -1
1545 875 -1
1099 890 -1
86 1477 -1
1700 1271 -1
1463 1530 1
1041 1092 -1
1428 1750 -1
1354 1784 -1
978 1522 -1
1848 1347 -1
1139 1252 -1
1501 445 1
308 1518 -1
372 570 -1
1309 145 -1
1680 1459 -1
1825 5 -1
493 1044 -1
1331 779 -1
802 1861 -1
1752 560 -1
2022 1974 -1
1186 735 -1
1962 1743 -1
1300 404 -1
1834 88 -1
1626 894 -1
624 442 -1
1165 510 -1
350 1766 1
1545 1290 1
1081 556 -1
300 177 -1
186 1757 1
1385 807 -1
578 167 -1
511 1785 -1
936 933 1
51 992 -1
567 704 -1
816 2048 1
1576 1615 -1
891 1183 -1
60 287 -1
185 1882 -1
2071 994 -1
2006 230 -1
1354 2069 -1
188 1739 1
60 1485 -1
1905 1939 1
637 547 -1
257 980 -1
1080 351 -1
82 251 -1
256 215 -1
1215 707 -1
1106 225 -1
1296 722 1
1766 1613 -1
1352 717 -1
1571 284 -1
853 435 -1
662 121 -1
1134 1395 -1
962 290 -1
732 412 -1
1436 1206 -1
22 1196 -1
1019 1576 -1
437 1264 1
1739 580 -1
2021 1610 -1
436 763 -1
1617 528 1
1219 1110 1
1500 1493 1
1199 1794 1
1214 1183 1
2094 296 1
987 221 1
1358 2005 1
1579 1503 1
1848 1779 1
1760 190 1
1204 1196 1
754 544 1
413 1491 1
1467 473 1
1750 171 1
1857 1169 1
828 942 1
380 687 1
2036 923 1
307 1053 1
1828 1838 1
1718 832 1
1640 737 1
1096 1835 1
1913 520 1
1269 418 1
32 796 1
1472 422 1
184 998 1
1608 1320 1
283 318 1
1596 1296 1
1140 1782 1
458 434 1
272 1047 1
161 613 1
1744 182 1
1132 1834 1
1858 1823 1
1282 476 1
124 97 1
525 1971 1
640 2079 1
1391 157 1
2077 2083 1
256 689 1
95 77 1
1053 313 1
952 2079 1
187 1383 1
823 934 1
987 985 1
67 1716 1
297 279 1
1147 1159 1
1735 974 1
1489 1266 1
893 938 1
1454 1535 1
234 1045 1
1110 1125 1
450 416 1
399 466 1
1970 1967 1
1719 838 1
1403 145 1
1945 1938 1
804 566 1
828 76 1
1231 1896 1
1142 1868 1
1992 564 1
812 1337 1
485 1526 1
1792 1238 1
848 98 1
1108 1793 1
1797 1837 1
593 1996 1
796 1996 1
226 202 1
164 991 1
929 828 1
1287 1570 1
961 208 1
2039 843 1
1335 1358 1
1561 1543 1
281 324 1
349 241 1
