1926 988 -1
430 1630 -1
1080 615 -1
738 1980 1
1521 719 -1
987 460 -1
799 287 -1
1636 1926 1
5 984 -1
1973 1504 -1
1124 882 -1
282 1840 -1
1667 757 -1
2080 1633 -1
970 676 -1
1493 911 -1
97 549 -1
1739 1055 -1
802 367 -1
1039 579 -1
1421 1483 -1
328 1258 -1
1505 1313 -1
3 1133 -1
2092 299 -1
1046 386 1
758 1986 -1
920 305 -1
1636 1430 -1
491 1177 -1
509 1121 -1
1965 1986 -1
2023 1827 -1
1053 442 -1
1640 1165 -1
852 1783 -1
1241 1537 1
254 1085 -1
86 669 -1
1983 1074 -1
442 233 -1
1295 2095 -1
1746 1648 -1
28 80 -1
1691 1082 -1
1200 1815 1
1620 1908 1
203 510 -1
478 716 -1
611 721 -1
1786 1600 -1
1472 1645 -1
812 1614 -1
1162 1959 -1
585 993 -1
1239 1679 -1
1290 1606 -1
409 955 -1
716 949 -1
622 1324 -1
1464 1612 -1
1905 1639 1
292 1590 -1
2051 147 -1
255 1189 -1
1969 12 -1
887 1440 -1
1365 911 -1
1571 89 -1
561 448 -1
318 1922 -1
1681 47 1
1653 834 -1
341 1095 -1
1635 1681 -1
1166 744 -1
1433 1664 -1
1986 1301 -1
367 76 -1
2084 1785 -1
1972 560 -1
851 1924 -1
1073 1626 -1
147 1803 -1
1793 810 -1
702 1807 -1
481 267 -1
228 224 1
1233 773 -1
1261 838 -1
419 1819 -1
498 135 -1
665 1688 -1
953 1876 -1
1568 1133 -1
1987 862 -1
404 1246 1
1573 1119 -1
448 1197 -1
1146 168 -1
573 1874 -1
1578 199 -1
669 597 -1
1105 250 -1
1515 1035 -1
1155 380 -1
1803 651 -1
332 1556 -1
510 387 -1
197 1325 -1
164 755 -1
628 1547 -1
1674 1756 -1
654 85 -1
1912 1060 -1
220 1 -1
1659 1653 1
673 1191 -1
1444 1729 -1
793 307 -1
905 1524 -1
144 1889 -1
1464 1620 -1
1019 796 -1
1498 967 -1
952 833 -1
1876 1510 -1
815 548 -1
243 122 -1
1902 168 -1
260 1044 1
1176 1303 -1
358 1484 -1
260 1771 1
1366 504 -1
555 1600 -1
915 1249 -1
1660 997 -1
1650 1617 -1
807 1104 -1
1531 1846 -1
1355 21 1
32 1277 -1
1784 1146 1
2015 635 -1
2011 1008 -1
1559 618 -1
256 1899 -1
1251 1736 -1
1292 912 -1
277 530 -1
1189 507 -1
62 1114 -1
433 275 -1
1331 1117 -1
103 110 1
293 1051 1
1617 1851 -1
115 1265 -1
1633 88 -1
595 1349 1
1052 1834 -1
1316 509 1
1340 2022 1
1250 1917 -1
867 1424 -1
1049 659 -1
1818 469 -1
1573 53 -1
1118 643 -1
254 2083 -1
602 931 -1
531 859 -1
977 1012 1
890 1090 -1
564 1736 -1
937 1900 -1
805 1989 1
1231 159 -1
983 550 -1
1273 1675 -1
804 1620 -1
1536 1276 1
576 713 -1
2 1644 1
1331 231 -1
577 1657 1
817 253 -1
156 790 -1
223 898 -1
243 406 -1
1550 920 -1
2006 1447 -1
126 1606 -1
1289 292 -1
687 568 -1
254 48 -1
865 1011 -1
1070 808 -1
1263 791 -1
1667 1434 -1
184 1415 -1
2032 793 -1
422 135 -1
1614 780 -1
1779 837 -1
359 41 -1
1049 979 -1
305 1569 -1
1604 1501 -1
1456 263 -1
933 928 1
815 1170 -1
603 1616 -1
159 631 1
377 995 -1
638 550 -1
80 1788 -1
713 611 -1
698 1735 -1
1736 1946 -1
579 591 1
2090 1017 -1
542 568 -1
965 1745 1
746 369 -1
674 2084 -1
2099 105 -1
1356 476 -1
1392 1602 -1
802 1351 1
585 540 -1
256 1939 -1
1090 1336 -1
693 1261 -1
478 422 1
1363 1642 -1
179 1341 -1
1497 1017 -1
1832 128 -1
35 1502 -1
1870 1885 1
1766 1060 1
1611 1597 1
940 2041 1
514 761 1
421 1484 1
1392 214 1
546 539 1
1301 517 1
423 411 1
769 799 1
1135 1171 1
606 580 1
595 1346 1
684 393 1
1213 1085 1
1234 1161 1
2012 596 1
571 574 1
596 1368 1
269 250 1
696 276 1
392 1036 1
1549 1242 1
180 230 1
968 209 1
1456 1266 1
1153 1173 1
890 930 1
1044 1036 1
1489 1581 1
1107 1865 1
1795 1071 1
567 596 1
397 403 1
1851 1888 1
1767 689 1
1313 1982 1
491 1456 1
896 883 1
350 675 1
896 110 1
382 355 1
1948 1967 1
938 1724 1
351 366 1
1244 1259 1
1557 1252 1
212 618 1
1265 1466 1
1331 717 1
952 995 1
443 1549 1
979 667 1
441 1579 1
404 1553 1
1162 1780 1
1518 1490 1
48 92 1
662 982 1
466 1280 1
214 162 1
896 911 1
1569 1530 1
455 1486 1
1157 1188 1
1051 700 1
921 857 1
1598 522 1
156 1388 1
1363 590 1
707 1948 1
496 1592 1
520 495 1
1068 2094 1
1877 1113 1
2054 932 1
805 30 1
1176 1818 1
1297 759 1
492 487 1
555 1690 1
1850 1853 1
671 963 1
1592 752 1
1116 1211 1
1420 335 1
116 904 1
617 1385 1
2014 42 1
2091 669 1
160 639 1
1671 1647 1
399 1572 1
447 1515 1
528 1600 1
1894 1205 1
717 747 1
1089 1887 1
1719 2031 1
903 950 1
1866 1799 1
951 907 1
116 874 1
877 93 1
1367 1694 1
1669 1647 1
1405 640 1
1908 1325 1
1422 696 1
615 620 1
2043 64 1
856 870 1
1818 1186 1
911 2050 1
29 1344 1
1469 703 1
1614 543 1
467 1454 1
773 804 1
382 1050 1
1085 1120 1
1973 523 1
1973 1294 1
1894 1901 1
946 80 1
2078 658 1
947 1701 1
857 2069 1
1882 1203 1
1517 434 1
1995 1372 1
620 1005 1
82 935 1
760 726 1
988 957 1
361 331 1
1154 1152 1
943 859 1
177 616 1
1248 465 1
76 890 1
1876 1072 1
1062 1762 1
673 314 1
1842 1775 1
181 623 1
1798 1896 1
2089 967 1
709 1322 1
934 921 1
259 324 1
295 253 1
839 68 1
784 1692 1
1242 455 1
415 1518 1
826 113 1
1835 1796 1
1144 1090 1
1994 1681 1
1771 236 1
1786 1901 1
1831 1131 1
795 1689 1
768 29 1
1584 401 1
13 2025 1
1864 1128 1
525 1915 1
554 1633 1
2097 1062 1
1946 712 1
1040 1773 1
406 1452 1
1998 19 1
1220 1817 1
590 1336 1
920 2071 1
