732 1327 1
207 708 -1
1194 135 -1
1341 27 1
791 734 -1
780 814 -1
520 1890 -1
764 459 -1
1343 1202 -1
76 1440 -1
1432 177 -1
1998 694 -1
1085 1006 -1
1550 871 -1
1919 1836 -1
279 361 1
1415 197 -1
1859 1194 1
684 1048 1
363 989 -1
1787 901 -1
273 1946 -1
251 205 -1
993 1357 -1
975 1317 -1
780 1110 -1
19 1304 -1
2029 2083 -1
195 1451 -1
678 1834 -1
1977 592 -1
994 159 1
1609 955 -1
1486 815 -1
341 1556 -1
1424 1557 -1
1416 2059 -1
252 53 -1
1855 1911 -1
1340 1493 -1
1911 593 -1
992 248 -1
938 397 -1
775 1816 -1
1591 563 -1
851 819 1
483 1128 -1
69 1270 -1
1843 730 -1
1484 1424 -1
950 385 -1
89 975 -1
1996 1169 -1
1381 215 1
1815 222 -1
607 1670 1
903 1207 -1
734 21 -1
990 1958 -1
1234 640 -1
1574 1981 -1
440 1124 -1
795 811 1
1482 1277 1
601 2029 1
1961 508 1
1889 1809 1
1396 217 1
1983 527 1
625 617 1
789 1377 1
1245 1286 1
141 993 1
178 648 1
233 1018 1
1556 1466 1
930 105 1
615 230 1
1411 676 1
992 229 1
1734 2089 1
749 1589 1
1767 340 1
1254 1501 1
348 326 1
1048 368 1
1287 1268 1
1704 2043 1
1934 1303 1
1261 1547 1
1515 1519 1
431 1267 1
702 253 1
1295 1929 1
1862 1792 1
763 768 1
1967 1943 1
231 1007 1
825 860 1
580 2025 1
162 984 1
1137 1894 1
686 360 1
1284 428 1
1902 1826 1
1890 1873 1
