957 1327 -1
684 722 -1
1219 935 -1
128 1348 -1
595 86 -1
1762 2081 -1
1550 1636 -1
1659 308 -1
1042 705 -1
1550 59 -1
1871 1477 -1
909 1823 -1
76 2050 1
236 1378 -1
1838 1807 1
1997 185 -1
1450 1010 -1
273 652 -1
637 459 -1
992 1383 1
1214 341 -1
4 798 1
1107 1095 1
851 892 1
1097 1551 -1
63 5 -1
1655 2084 -1
1881 2079 -1
1104 63 -1
1200 1269 -1
856 1056 -1
25 106 -1
1093 142 -1
164 1409 -1
186 1532 -1
297 147 -1
606 1915 -1
849 1757 -1
70 1319 -1
854 1194 -1
798 1447 -1
1820 1003 -1
1681 1683 1
974 402 -1
47 1715 -1
2019 1320 -1
1554 1378 -1
1687 68 -1
1384 1366 -1
354 1290 -1
2066 1061 -1
1766 56 -1
1000 955 1
146 841 -1
1993 1164 -1
1138 203 -1
917 658 -1
1552 2083 -1
899 16 -1
1329 377 -1
1520 419 1
2055 1282 -1
1835 1124 1
1151 1734 -1
1612 1970 1
809 615 -1
2070 47 -1
1133 1516 -1
1739 88 -1
952 1029 -1
1428 1895 -1
1231 1668 -1
99 1590 -1
1425 524 -1
1229 292 -1
716 603 -1
756 944 -1
1316 355 -1
1147 328 -1
846 760 -1
923 1862 -1
1355 1864 -1
1181 1196 1
1072 469 -1
2049 1878 -1
697 1971 -1
1736 474 -1
528 159 -1
1354 2010 1
23 1248 -1
1845 547 -1
1441 1997 -1
722 1035 -1
980 781 -1
156 766 -1
492 1844 -1
968 2027 -1
121 1475 -1
413 1345 -1
967 574 -1
674 951 -1
331 1085 -1
255 292 1
1696 364 -1
176 719 -1
1383 82 -1
1558 1923 -1
1733 1260 -1
1813 878 -1
749 266 -1
1186 1166 1
516 62 -1
199 355 -1
698 597 -1
1396 325 -1
519 96 -1
1747 2073 1
62 875 1
847 7 -1
979 404 -1
1586 1706 -1
777 1447 -1
9 782 1
825 2051 1
235 243 1
1630 1639 1
1967 1977 1
510 503 1
2065 893 1
21 24 1
503 1332 1
886 850 1
371 369 1
914 2069 1
1906 1629 1
762 716 1
1532 1514 1
928 883 1
1620 1978 1
919 55 1
1104 1097 1
379 692 1
1847 1801 1
673 312 1
442 437 1
917 876 1
1814 1080 1
901 58 1
261 374 1
1332 725 1
1332 1604 1
1870 1120 1
2016 1697 1
1804 1829 1
1942 549 1
26 1679 1
392 1025 1
2054 2069 1
99 833 1
56 935 1
1028 1026 1
1432 683 1
21 11 1
1733 1753 1
1907 1331 1
1257 1482 1
1454 1264 1
873 944 1
16 1346 1
261 289 1
588 585 1
2060 77 1
1248 429 1
410 1557 1
578 597 1
495 1946 1
2088 173 1
1488 1445 1
2061 113 1
1066 337 1
1078 1173 1
1818 1085 1
373 287 1
873 2064 1
457 1576 1
1370 1376 1
769 780 1
1792 1815 1
1000 640 1
430 1245 1
1235 1857 1
94 900 1
716 548 1
394 449 1
1597 746 1
90 2038 1
922 136 1
549 1593 1
653 2085 1
940 821 1
1647 22 1
1785 1078 1
1539 476 1
336 1769 1
816 65 1
275 308 1
512 548 1
267 1412 1
332 681 1
1922 1329 1
