1702 1598 -1
1392 1039 -1
1189 1926 -1
1593 885 -1
1868 1930 -1
1546 1858 -1
656 500 -1
590 1694 1
843 424 -1
1830 1869 1
475 1303 -1
793 1191 -1
1482 696 -1
871 398 -1
554 2019 -1
382 1552 -1
543 499 1
1821 520 -1
1176 1174 1
1749 1980 -1
1712 367 -1
115 1597 -1
1931 1083 -1
29 833 -1
1487 632 -1
364 738 -1
1646 1775 -1
1083 1745 -1
1153 834 -1
1070 829 -1
205 1976 -1
646 1000 1
2035 183 -1
39 1180 -1
598 666 -1
365 8 -1
886 79 1
895 1028 -1
342 308 1
149 1438 -1
9 936 -1
419 343 -1
895 1338 -1
1965 1573 -1
1796 73 -1
1955 736 1
695 676 1
2030 383 -1
919 710 -1
891 1995 -1
2057 1559 -1
2034 406 -1
2000 61 -1
511 1593 1
519 293 -1
740 638 -1
2039 2086 -1
512 1419 -1
1490 66 -1
1689 1068 -1
69 1027 -1
186 503 -1
65 1740 -1
1908 165 -1
1626 1555 -1
1436 1772 1
695 208 -1
1864 327 -1
1766 626 -1
1144 808 -1
1082 984 -1
1477 12 -1
172 1949 -1
891 283 -1
2054 575 -1
1946 1202 -1
390 1428 1
826 1973 -1
6 755 -1
1725 1783 -1
1052 303 1
1223 1102 1
1038 938 -1
1548 144 -1
604 369 -1
927 114 1
226 1835 -1
569 292 -1
1682 754 -1
1079 1418 -1
302 1931 -1
399 2050 -1
1341 650 -1
900 550 -1
801 1623 -1
650 291 -1
649 831 -1
596 877 -1
147 1644 -1
1644 281 -1
2062 165 -1
640 487 -1
210 1760 1
79 815 1
941 169 -1
1826 1829 1
284 1739 -1
1901 151 -1
725 1016 -1
1376 726 -1
1231 1424 -1
1826 1816 1
1160 120 -1
1540 1817 -1
1968 335 -1
27 1716 -1
2072 613 1
1194 556 -1
270 664 -1
1055 1364 -1
1549 2093 -1
1993 603 1
1141 1826 1
363 42 -1
1794 1807 1
1182 1611 -1
879 1591 -1
1474 1966 -1
318 1197 -1
54 1932 -1
51 1966 -1
1480 397 1
1556 1687 -1
1714 178 -1
335 880 -1
176 6 -1
1337 1726 -1
514 1402 -1
2011 1368 1
1779 867 -1
1654 1576 -1
407 1716 -1
1021 756 -1
784 1659 1
498 1338 -1
246 708 -1
1201 216 -1
2054 1317 -1
308 978 -1
1865 1561 -1
1618 1323 1
1718 346 -1
155 1108 -1
681 28 -1
405 1810 -1
1011 1331 -1
1353 1033 -1
1417 190 -1
966 351 -1
1193 367 -1
1650 238 -1
1265 1736 -1
414 581 -1
954 717 -1
1831 1786 1
1861 225 -1
710 827 -1
903 1049 -1
1363 650 -1
162 445 -1
260 1580 -1
614 1624 -1
565 1077 -1
1483 213 -1
1967 911 -1
147 1587 -1
1920 965 -1
1825 477 -1
1670 601 1
224 8 -1
777 568 1
1348 861 -1
609 961 -1
1595 158 -1
1270 90 -1
387 1391 -1
1147 703 -1
847 1529 -1
988 645 1
1730 596 -1
474 1901 -1
787 435 -1
1910 149 -1
1790 2094 -1
1160 1318 -1
1861 950 -1
975 1057 -1
1037 1581 -1
1962 345 -1
1024 1757 -1
1602 80 -1
889 42 -1
793 2057 -1
610 1455 -1
85 1011 -1
983 269 -1
809 1127 -1
1808 95 -1
1185 546 -1
1053 366 1
2057 642 -1
592 687 -1
540 623 -1
89 1983 -1
721 295 -1
927 74 1
1822 1745 -1
651 1259 -1
558 808 1
1124 1931 -1
883 311 -1
1864 1585 -1
409 456 1
1807 358 -1
1091 577 -1
1678 1956 -1
2095 1021 1
123 1805 -1
401 931 -1
1860 544 -1
339 741 -1
723 1673 -1
2053 896 1
1110 288 -1
1692 1335 1
840 652 -1
1289 671 -1
1786 1440 -1
760 1656 -1
597 26 1
463 1884 -1
1003 1678 -1
1642 2023 -1
1462 1841 -1
679 126 -1
771 1840 -1
1017 1546 -1
2032 1928 -1
293 446 -1
1272 1523 1
860 2046 1
506 709 1
1182 1801 1
481 1288 1
1803 1781 1
908 1701 1
586 1990 1
1116 1789 1
20 568 1
726 1981 1
805 603 1
277 1428 1
785 35 1
1898 1866 1
1862 1864 1
682 1432 1
1580 453 1
1716 2045 1
1895 1113 1
908 95 1
1959 1981 1
31 769 1
1217 1147 1
1638 1976 1
498 1637 1
1285 1507 1
522 731 1
1627 508 1
168 226 1
732 722 1
28 557 1
433 1268 1
1088 1806 1
698 393 1
856 2059 1
986 1746 1
513 1313 1
1108 1076 1
2069 819 1
2058 122 1
1483 401 1
1980 1978 1
129 876 1
624 1406 1
1075 1104 1
1328 1295 1
1943 1981 1
305 240 1
1305 1976 1
877 129 1
1533 1270 1
761 534 1
1377 1347 1
892 99 1
958 1391 1
371 271 1
1913 1591 1
1640 754 1
53 908 1
1119 1144 1
1641 1971 1
1558 399 1
916 134 1
1790 1806 1
1266 1276 1
1041 251 1
783 1370 1
635 1002 1
971 655 1
1077 1106 1
1793 1832 1
1689 567 1
1906 494 1
892 814 1
1986 1655 1
1793 1117 1
415 466 1
1842 1853 1
359 1048 1
467 447 1
727 748 1
276 244 1
463 1466 1
560 799 1
1661 23 1
1305 1980 1
106 892 1
1359 2008 1
409 432 1
1917 753 1
1931 1326 1
14 46 1
448 1440 1
1305 734 1
309 371 1
1542 407 1
2057 907 1
90 74 1
149 2073 1
1660 1656 1
1215 1169 1
1878 1774 1
1514 1495 1
1803 1150 1
1902 1820 1
48 2031 1
1281 440 1
737 735 1
1398 629 1
240 257 1
106 1716 1
132 818 1
2012 1695 1
53 887 1
1319 1633 1
659 1398 1
477 394 1
914 926 1
248 375 1
138 633 1
924 63 1
1243 1559 1
439 441 1
760 1917 1
1382 628 1
2012 35 1
668 616 1
937 2055 1
129 75 1
983 645 1
1961 508 1
362 363 1
1487 1471 1
2002 1378 1
999 637 1
571 1677 1
1873 1175 1
809 1340 1
739 1946 1
1913 1332 1
278 1067 1
112 102 1
510 1292 1
110 86 1
1016 1773 1
1880 1082 1
1616 1956 1
337 1061 1
732 1615 1
1027 1431 1
523 709 1
1288 1582 1
360 292 1
1088 1858 1
807 769 1
451 1485 1
211 179 1
254 1419 1
329 389 1
1980 710 1
161 974 1
1479 1582 1
1939 1626 1
950 2068 1
39 763 1
888 2050 1
1016 2094 1
1057 1045 1
1986 773 1
1299 1607 1
