1218 691 -1
1587 1222 -1
68 109 1
293 759 -1
2058 1020 -1
763 760 -1
62 1576 -1
1579 227 -1
818 990 -1
279 117 -1
367 1105 -1
1223 1946 -1
1190 1028 -1
1588 998 -1
1358 717 -1
1657 334 -1
1503 1461 1
187 572 -1
1096 869 -1
768 785 1
1234 1715 -1
1466 1142 -1
2069 733 -1
2009 1691 1
1558 1756 -1
873 19 -1
1909 1053 -1
180 985 1
2062 749 -1
1636 438 -1
1128 2076 -1
1744 1049 -1
1966 45 -1
822 1343 -1
418 2082 -1
813 19 -1
960 2081 1
2034 202 -1
447 849 -1
54 301 -1
1979 958 -1
1718 745 -1
1774 237 -1
926 688 -1
1442 2052 -1
2085 566 -1
1092 1833 1
471 330 -1
1833 1801 1
176 1113 -1
17 1897 -1
1802 2063 -1
80 1820 -1
1050 1992 -1
1909 1801 -1
160 84 -1
1308 1181 -1
469 666 -1
1654 294 -1
415 1424 -1
797 607 1
356 1022 1
1141 1122 1
976 1374 -1
862 940 1
1268 451 1
661 218 1
646 1402 1
1949 1979 1
1122 1776 1
653 656 1
1958 1968 1
2076 2087 1
1742 211 1
929 875 1
1365 1374 1
1578 1486 1
1423 352 1
2061 834 1
335 1419 1
1620 529 1
1626 1600 1
1690 2003 1
1620 722 1
1454 1573 1
1688 575 1
1115 1865 1
2072 649 1
1281 401 1
1738 1747 1
59 85 1
146 2089 1
131 823 1
1167 1072 1
913 90 1
82 912 1
1275 1288 1
864 886 1
1430 264 1
1331 1615 1
0 1697 1
1017 1429 1
544 1933 1
1504 433 1
382 1040 1
818 844 1
