1036 1382 -1
2062 1310 -1
1467 1688 -1
1876 541 -1
474 1723 -1
1577 718 -1
1985 1372 1
1996 2085 -1
1499 1479 1
919 932 1
67 1804 -1
1128 854 -1
2053 828 1
12 884 -1
1805 316 -1
1088 401 -1
2004 1141 -1
563 1105 -1
2076 1716 -1
1182 481 -1
490 1490 1
727 1256 -1
1658 1791 -1
971 482 -1
811 76 -1
1259 2066 -1
1500 1793 -1
1834 535 -1
109 867 1
1640 835 -1
1332 724 1
362 1348 -1
1720 1178 -1
1446 764 -1
1521 1138 -1
1712 1011 -1
691 525 -1
824 869 1
1179 1876 1
500 1107 -1
1930 987 -1
347 1259 -1
1495 213 -1
1438 1315 -1
385 1752 -1
159 2094 -1
1409 1621 -1
1943 1275 -1
238 1078 -1
542 367 -1
1489 1407 -1
89 926 1
1798 444 -1
734 1361 -1
1700 1150 -1
259 1484 -1
1485 1702 -1
842 12 -1
631 1435 -1
576 1205 -1
882 1752 -1
715 1141 -1
41 1228 -1
92 696 -1
706 1606 1
439 2090 -1
89 852 1
1162 145 -1
686 1833 -1
484 1853 -1
1491 274 -1
1528 630 -1
1520 1195 -1
2091 1235 -1
396 1427 -1
539 243 -1
975 890 -1
969 1963 -1
482 1969 -1
1100 1625 -1
818 1257 -1
1338 1268 -1
1969 601 -1
1116 1574 -1
343 1929 -1
64 1809 -1
1143 182 -1
1548 1434 -1
1612 119 -1
1767 1787 -1
1448 2038 -1
1540 1311 -1
2062 279 -1
691 1732 -1
237 1943 -1
1696 749 -1
1646 318 -1
153 1315 -1
1996 258 -1
1354 782 1
60 1233 -1
1475 1132 -1
21 1516 -1
455 1904 -1
107 893 1
84 251 -1
1488 2026 -1
404 1902 -1
1940 1605 1
67 1197 -1
1039 1425 1
2062 1791 -1
1686 1309 -1
1116 324 -1
498 417 -1
149 1340 -1
1429 1671 -1
35 1283 -1
274 112 -1
112 1797 -1
1484 1260 1
282 406 -1
1586 519 1
302 329 1
359 360 1
1851 1169 1
1154 1792 1
463 405 1
415 1547 1
992 206 1
1068 1431 1
23 560 1
2045 912 1
548 1589 1
998 2085 1
536 1617 1
1188 1121 1
1980 1643 1
668 657 1
1487 1518 1
1540 1251 1
765 1991 1
1482 480 1
1232 1781 1
1409 1060 1
506 516 1
527 1325 1
449 1278 1
1942 1306 1
2030 904 1
505 1305 1
1651 1690 1
424 1543 1
1313 532 1
1589 1609 1
9 791 1
358 273 1
482 1248 1
92 67 1
140 215 1
2096 255 1
1637 1945 1
1805 1207 1
186 145 1
1584 1497 1
335 296 1
1669 1340 1
1298 761 1
1121 1830 1
760 1956 1
925 2041 1
1823 1135 1
1829 1077 1
967 1384 1
1267 467 1
928 910 1
104 831 1
1930 1603 1
1763 1768 1
1321 1307 1
1137 1843 1
737 1626 1
129 949 1
2053 85 1
940 1721 1
909 2033 1
2012 587 1
276 249 1
1490 1507 1
1658 1347 1
498 1920 1
1060 326 1
2022 610 1
803 1357 1
373 690 1
1406 991 1
622 1751 1
391 1762 1
2031 98 1
1388 963 1
1334 1332 1
979 658 1
1796 1807 1
667 2087 1
1402 168 1
1393 1746 1
1485 1539 1
614 1012 1
1921 1312 1
1057 374 1
