374 13 -1
1845 2080 -1
1901 1518 -1
904 1169 -1
1438 603 -1
902 868 1
42 805 1
305 936 -1
1132 124 -1
1083 548 -1
203 1983 -1
816 760 -1
1964 1007 -1
1910 1794 -1
2031 763 -1
1832 1157 1
852 832 1
812 1046 -1
2031 605 -1
1612 53 -1
526 1810 -1
1607 1092 -1
2024 1579 -1
1997 16 1
1104 211 -1
1819 579 -1
148 1585 -1
1811 200 -1
2081 45 -1
1790 315 -1
1014 824 -1
1803 1110 1
597 1899 -1
703 353 -1
2054 528 -1
1834 1207 1
806 850 -1
1504 979 -1
1952 1419 -1
1593 1397 -1
1773 436 -1
1425 1180 -1
425 435 1
901 583 -1
755 2058 -1
1397 355 -1
1884 1233 1
636 1219 -1
1802 624 -1
1866 1545 -1
1342 1442 -1
1253 1274 1
533 331 -1
1003 493 -1
556 616 -1
569 1445 -1
1028 1455 -1
2044 231 -1
1049 277 1
1199 1035 -1
52 1353 -1
1149 716 -1
33 1228 -1
2024 1380 -1
1832 1777 1
670 660 1
274 1020 1
586 2085 -1
1420 443 -1
1777 1532 -1
420 272 -1
885 1877 -1
1964 1108 -1
944 1268 -1
11 1833 -1
573 412 -1
277 385 1
1114 1203 1
1854 1648 -1
1920 1722 -1
1047 1132 -1
873 693 -1
971 346 -1
1078 1566 -1
384 479 -1
379 262 1
700 381 1
663 1833 -1
895 686 -1
1163 1868 1
588 562 1
671 971 1
725 1888 -1
0 619 -1
389 432 -1
1268 1868 -1
620 2023 -1
1720 789 -1
2021 1181 -1
1356 624 -1
580 1815 -1
91 266 -1
1660 552 -1
109 670 -1
361 268 1
1331 877 -1
1661 867 -1
1783 1465 -1
1097 154 -1
494 915 -1
1034 2050 -1
2017 1171 -1
1565 190 -1
818 882 1
397 1816 -1
374 29 -1
1548 1294 -1
633 1087 -1
1346 198 -1
723 1145 -1
0 1793 -1
631 130 -1
599 1628 -1
1477 765 -1
1920 1790 -1
417 587 -1
532 1300 1
1088 1321 -1
366 322 1
1329 1278 -1
1896 1302 -1
1623 1672 -1
1596 983 -1
207 352 -1
1968 1153 -1
1813 1740 -1
343 1773 1
1473 1620 -1
231 885 -1
473 1403 -1
1173 1454 -1
642 947 -1
1724 2095 -1
1140 546 -1
1936 565 -1
17 227 -1
1195 1170 1
1082 1991 -1
77 1217 -1
1419 955 -1
953 1965 -1
1915 737 1
931 797 -1
69 962 -1
439 1839 -1
1127 473 -1
1531 3 -1
1608 1897 -1
1481 1012 -1
675 1644 -1
1836 693 -1
784 1189 -1
817 783 -1
626 324 -1
1923 216 -1
1532 157 -1
181 555 -1
989 1046 -1
774 1182 -1
170 952 1
1070 769 -1
1761 514 -1
835 1110 -1
691 4 -1
61 191 -1
1016 30 -1
1293 1894 -1
733 117 -1
2095 466 -1
65 35 -1
2048 502 -1
1056 622 -1
329 1851 -1
1506 1257 1
513 1427 -1
1234 1573 -1
2039 80 1
1850 452 -1
1421 687 1
1705 282 -1
1140 701 -1
559 1028 -1
164 2097 -1
707 2065 -1
1808 818 -1
1868 1362 -1
1670 1928 -1
982 1652 -1
675 1200 -1
560 222 -1
1458 1574 1
2073 513 -1
518 474 -1
24 950 -1
1031 503 -1
243 430 -1
1224 1602 -1
521 1514 -1
732 608 -1
1720 201 -1
1845 1722 -1
1324 1702 -1
954 1356 -1
1490 2016 -1
1517 1191 -1
693 1376 -1
2061 789 -1
1389 681 -1
230 1338 -1
1560 1048 -1
1146 1425 -1
110 1342 -1
899 1869 -1
1588 656 -1
434 283 -1
1425 812 -1
2019 269 -1
357 1500 -1
1992 1158 -1
1662 19 1
219 1186 -1
1320 1502 -1
1601 1164 -1
1515 887 -1
1849 845 -1
252 491 -1
1336 1369 1
601 878 -1
739 1064 -1
1267 1081 -1
24 1261 -1
1618 2060 -1
1036 636 -1
1488 242 -1
520 718 1
1802 1807 1
1731 946 -1
1207 1865 1
541 551 1
1300 535 1
140 1732 1
1274 1444 1
1757 1405 1
1646 1345 1
573 560 1
1564 1559 1
1043 381 1
342 1431 1
401 1471 1
1427 690 1
1265 432 1
1900 1178 1
458 1486 1
1135 1106 1
1325 739 1
1840 1847 1
1913 1592 1
1533 442 1
1094 1828 1
1749 188 1
95 1728 1
379 1436 1
527 1330 1
1411 238 1
1595 709 1
1819 1200 1
1600 1592 1
569 1688 1
1303 1315 1
128 837 1
1275 1519 1
1296 1642 1
1264 414 1
179 205 1
1618 515 1
1731 141 1
1166 1859 1
1822 1092 1
150 209 1
2027 1987 1
1155 1885 1
249 1435 1
304 1022 1
783 1368 1
611 2084 1
1103 1131 1
2007 556 1
658 647 1
750 1915 1
1441 1546 1
564 1339 1
861 2056 1
1309 1967 1
735 1328 1
1481 1439 1
303 306 1
1812 1129 1
857 837 1
2098 372 1
1986 786 1
1871 1090 1
629 202 1
55 948 1
1216 1122 1
1159 1098 1
600 1347 1
441 1286 1
97 825 1
159 1382 1
883 1719 1
1576 1541 1
1612 1950 1
1063 261 1
748 1641 1
1560 1446 1
1653 2000 1
1221 1203 1
1129 1085 1
1874 1825 1
1629 1961 1
14 2008 1
295 699 1
306 1056 1
1755 1386 1
61 125 1
1448 1558 1
1957 1962 1
1050 1020 1
1947 716 1
435 1574 1
857 129 1
1390 142 1
941 92 1
1123 1081 1
908 2042 1
1481 489 1
1798 1885 1
921 859 1
932 2037 1
2090 225 1
2063 118 1
613 655 1
142 977 1
777 21 1
662 649 1
1220 1193 1
810 767 1
1634 1630 1
238 377 1
2002 31 1
74 2045 1
872 847 1
393 276 1
962 620 1
1978 1909 1
1681 1347 1
407 1491 1
1751 153 1
1847 1086 1
1582 703 1
2049 72 1
834 97 1
347 358 1
650 2091 1
32 1666 1
302 383 1
503 1592 1
1465 1463 1
1341 1360 1
1065 392 1
1556 432 1
1171 1121 1
555 810 1
193 621 1
1907 1640 1
1284 1544 1
27 808 1
1636 1608 1
782 1649 1
253 1069 1
28 798 1
506 752 1
1889 1175 1
1585 1563 1
1344 1675 1
514 1593 1
1094 1163 1
462 1557 1
1860 1079 1
1476 1261 1
1500 437 1
788 2020 1
554 1306 1
1585 1280 1
1903 1174 1
80 830 1
569 1697 1
613 229 1
1503 1470 1
1379 218 1
1443 1523 1
17 784 1
956 653 1
1081 1181 1
1130 1854 1
1001 2076 1
1600 740 1
125 2036 1
1773 235 1
1180 1863 1
