611 1341 -1
1772 1657 -1
1293 373 -1
936 1745 -1
816 2091 -1
905 1554 -1
1489 397 1
1625 1491 -1
996 805 -1
1338 796 1
1809 782 -1
1539 868 -1
210 629 1
1403 864 -1
1323 1943 1
1638 139 -1
151 1062 -1
401 2000 -1
1615 945 -1
1385 2097 -1
1310 598 -1
1205 769 -1
1662 1387 -1
1700 181 -1
1921 552 1
1179 1716 -1
1920 1766 -1
607 461 -1
957 513 -1
1777 253 -1
2058 452 -1
1106 1901 1
625 548 -1
792 982 -1
1204 1043 -1
63 1937 -1
1895 380 -1
440 1065 -1
1881 248 -1
1364 1363 1
618 565 -1
1240 902 -1
1356 1543 -1
1483 398 1
1492 1329 -1
1108 139 -1
357 1244 -1
1373 822 -1
338 1529 -1
999 2069 -1
867 787 -1
732 1652 -1
1785 439 -1
1106 1597 -1
1610 110 -1
848 1126 -1
810 490 -1
886 914 1
924 945 1
59 1728 1
293 271 1
368 1179 -1
961 382 -1
1534 1321 -1
1647 442 -1
1872 1777 1
995 994 1
2092 2077 1
1200 1894 1
2031 2045 1
2008 16 1
1201 1114 1
1119 1202 1
54 77 1
645 2089 1
768 44 1
1516 1286 1
1829 1195 1
15 601 1
746 1308 1
593 1665 1
279 277 1
75 873 1
1641 1921 1
869 822 1
1599 1306 1
1027 694 1
878 832 1
337 306 1
1465 1572 1
1107 1078 1
1514 470 1
1060 319 1
1541 1542 1
2048 832 1
958 620 1
257 1060 1
867 53 1
261 305 1
1627 755 1
688 1765 1
1334 1906 1
494 1312 1
1528 1465 1
901 65 1
1389 187 1
