249 1147 -1
1334 303 -1
337 1356 -1
866 163 -1
365 285 1
602 69 -1
1247 1167 -1
1717 1430 -1
1660 1154 -1
1565 1658 -1
1260 735 -1
1975 1167 -1
1987 1026 -1
1555 1908 -1
593 321 -1
785 1914 -1
1909 959 -1
11 1018 -1
1434 1808 -1
881 617 -1
439 1648 -1
850 1837 -1
589 812 1
534 1909 1
131 4 -1
1784 848 -1
2010 2043 -1
567 1940 -1
2076 1492 -1
748 550 1
400 1806 -1
383 783 -1
805 1215 -1
860 555 -1
1385 867 -1
1369 1637 -1
1246 1061 -1
259 927 -1
1702 301 -1
40 1659 1
2051 128 1
610 1353 1
1111 1824 1
1883 1482 -1
1042 1027 1
1793 122 -1
835 872 1
1416 38 -1
2041 1273 -1
1091 723 -1
2026 281 -1
146 1201 -1
976 428 -1
776 1570 -1
1513 971 -1
775 949 -1
650 412 -1
1827 1501 -1
381 198 -1
951 83 1
136 1357 -1
76 2033 1
107 187 -1
1381 1907 -1
36 1434 -1
498 1593 1
698 1802 -1
1159 1997 -1
902 503 -1
248 546 -1
187 2017 -1
617 1567 -1
207 199 1
1004 2047 -1
1341 1003 -1
877 531 -1
2091 496 -1
1973 292 -1
1361 1752 -1
1931 1655 -1
81 155 -1
1148 1518 -1
491 202 -1
2016 849 -1
401 1227 -1
1151 413 -1
90 1796 -1
1918 59 -1
555 1285 -1
322 257 1
550 649 -1
747 1060 -1
594 2043 -1
914 896 1
630 505 -1
1407 1819 -1
1447 1358 -1
1101 1406 -1
845 1548 -1
1717 1112 -1
900 1754 -1
936 299 -1
263 1668 -1
413 1703 -1
1131 947 -1
1592 1234 -1
557 1122 -1
94 364 -1
101 872 1
1321 1229 -1
198 1306 -1
257 1064 1
2019 1277 -1
1275 395 1
262 421 -1
949 1063 -1
590 1107 -1
398 561 -1
1084 208 -1
393 1034 1
898 269 -1
1018 1681 -1
541 2070 -1
62 1511 -1
1014 626 -1
1126 1075 1
6 36 1
936 880 1
447 481 1
1890 1102 1
882 817 1
846 876 1
1459 1290 1
1903 1174 1
945 64 1
1123 1094 1
1468 1582 1
1031 1411 1
2089 1740 1
542 1643 1
975 1747 1
1167 1863 1
219 1008 1
1876 1147 1
670 2089 1
493 1506 1
1255 423 1
2042 821 1
795 1692 1
1716 1721 1
1628 746 1
957 1401 1
1215 1897 1
553 1606 1
175 1746 1
58 922 1
975 2077 1
693 1765 1
946 822 1
854 880 1
1771 1026 1
2087 630 1
619 652 1
1403 1010 1
350 675 1
935 1707 1
1247 1572 1
2037 127 1
533 1617 1
1922 1968 1
404 469 1
2014 1351 1
1825 1837 1
359 699 1
765 557 1
126 110 1
1498 1551 1
1062 378 1
1522 1553 1
265 348 1
222 180 1
1112 1874 1
750 1966 1
285 1419 1
184 954 1
480 428 1
1137 1223 1
282 1037 1
305 686 1
1306 524 1
521 503 1
535 1927 1
687 338 1
527 742 1
1965 1936 1
1003 208 1
1605 722 1
1789 1144 1
1322 1597 1
205 972 1
1746 653 1
987 224 1
1992 1664 1
1510 1526 1
955 986 1
775 35 1
811 1369 1
584 797 1
723 518 1
367 1018 1
