1086 268 -1
134 1560 -1
1825 152 -1
42 1285 -1
1564 279 -1
1541 728 -1
794 1832 -1
2078 1213 -1
1481 508 -1
1522 1018 -1
877 1810 -1
997 1725 -1
1157 1523 -1
1413 1396 -1
1705 1453 -1
776 617 -1
744 396 -1
337 589 -1
1847 599 -1
1335 586 1
826 1847 -1
1990 2062 -1
1161 1491 -1
1123 447 -1
65 457 -1
653 654 1
740 1163 -1
482 813 -1
1182 2071 -1
1922 472 -1
1541 216 -1
2018 1742 -1
1849 810 -1
1551 1938 -1
749 983 -1
335 2041 -1
147 1230 -1
43 1014 -1
375 236 1
661 660 1
2087 742 -1
1187 442 -1
590 1101 -1
257 345 1
1416 1528 -1
1335 1591 -1
896 1765 -1
233 10 -1
1743 1715 -1
438 172 -1
324 1824 -1
1042 530 -1
736 902 -1
493 1893 -1
538 1120 -1
436 1835 -1
109 336 -1
1892 888 -1
1033 670 -1
2095 7 -1
1933 162 -1
1164 129 -1
1100 1795 1
1387 313 -1
473 1663 -1
1167 2007 -1
959 2024 -1
1712 783 -1
900 610 -1
936 256 -1
1368 428 -1
935 90 1
1299 406 -1
525 1929 1
1237 702 -1
1207 1568 -1
1972 335 -1
1372 627 -1
393 349 1
1708 695 -1
698 695 1
812 1227 -1
25 24 1
1425 1501 -1
11 1081 -1
677 1932 -1
854 1222 -1
1124 1190 1
767 608 1
1292 2042 -1
1296 1681 -1
140 269 -1
159 236 -1
1855 401 -1
1390 355 -1
283 580 -1
844 260 -1
884 1991 -1
73 137 -1
839 1913 -1
841 1893 -1
1160 1720 -1
1791 1186 1
1429 1088 -1
1190 321 -1
2073 361 -1
1340 774 1
762 197 -1
1588 381 -1
1300 2060 -1
822 1047 -1
1165 1744 -1
984 1555 -1
1618 1077 -1
1167 1188 1
256 543 -1
409 980 -1
1700 1232 -1
237 1494 -1
673 48 -1
587 1376 1
1968 918 -1
1750 1901 -1
1529 477 1
230 2023 -1
1112 1849 1
2084 911 -1
1267 801 -1
926 445 -1
1607 101 -1
1141 2033 -1
904 256 -1
347 193 -1
729 646 -1
1738 958 1
1022 1888 -1
1759 1911 -1
20 1918 -1
1192 1659 -1
563 1985 1
46 1760 -1
424 1952 -1
949 975 -1
2076 116 -1
1881 1570 -1
204 910 -1
1125 783 -1
1476 1364 -1
492 2012 -1
1996 2038 -1
232 80 -1
269 1356 -1
99 1446 -1
956 1273 -1
1317 439 -1
1419 1232 -1
1624 1219 -1
2024 25 1
192 1529 -1
508 638 -1
1293 924 -1
1684 94 -1
771 666 -1
430 979 -1
1489 1922 -1
1023 448 -1
329 1536 -1
1560 1133 -1
102 1740 -1
1123 1657 -1
1131 1205 1
1536 1223 -1
942 1218 -1
1647 366 -1
1299 820 -1
1497 111 -1
1283 781 -1
1483 1888 -1
1113 1188 1
2077 1469 -1
1882 1376 -1
1790 557 -1
51 884 1
652 1971 -1
411 1158 -1
771 307 -1
144 771 -1
1419 370 1
634 1581 -1
222 1494 -1
1416 1186 -1
839 1459 -1
1877 1389 -1
141 1217 -1
379 1630 -1
183 1320 -1
731 1412 -1
1188 1966 -1
1996 1717 -1
1467 1303 -1
966 454 -1
1513 2046 -1
1078 1017 -1
1992 1493 -1
1406 257 -1
1886 1591 -1
1178 1360 -1
983 1213 -1
929 197 -1
907 160 -1
2095 350 1
1705 450 -1
1409 1387 -1
610 1641 -1
1183 1841 1
61 1048 -1
1136 1807 1
150 2081 1
908 973 -1
1218 394 -1
1198 1164 1
1401 580 -1
595 1806 -1
895 813 1
1371 657 -1
633 349 -1
1672 729 -1
1690 111 -1
1220 208 -1
1137 472 -1
783 2012 1
446 1078 -1
1219 1827 1
1915 1267 -1
1196 1825 1
1620 288 -1
1422 506 -1
1198 25 -1
205 1658 -1
684 117 -1
45 367 -1
534 1990 -1
843 662 -1
1705 29 -1
1838 576 -1
1340 1372 1
1476 455 1
994 211 1
1175 1781 1
1139 1085 1
1281 484 1
497 1638 1
936 848 1
1036 364 1
520 1308 1
1233 1207 1
245 262 1
2044 135 1
1766 380 1
181 202 1
86 2049 1
974 992 1
1212 1848 1
244 1041 1
530 755 1
1885 1833 1
1006 179 1
1199 1088 1
1314 715 1
1264 1463 1
65 888 1
313 1059 1
2058 2037 1
767 1365 1
919 136 1
732 1327 1
1572 1521 1
1766 1046 1
1445 1470 1
1773 2093 1
864 74 1
1875 1104 1
1588 533 1
1803 1121 1
1974 1623 1
1183 1154 1
541 707 1
1731 2084 1
801 1335 1
1104 1837 1
1487 409 1
885 947 1
993 960 1
528 1952 1
1825 1075 1
948 2043 1
933 888 1
1696 1359 1
1744 158 1
1594 1334 1
290 376 1
1347 2 1
131 91 1
135 1701 1
117 2037 1
1562 486 1
109 1710 1
1121 1897 1
1553 425 1
458 1254 1
1724 48 1
1316 722 1
1709 836 1
166 961 1
16 1999 1
6 31 1
1075 1073 1
1554 1497 1
1837 1861 1
1653 593 1
1717 1709 1
819 136 1
1951 726 1
1116 1197 1
363 1425 1
1072 1159 1
903 2064 1
153 995 1
1820 1196 1
764 598 1
1190 1172 1
124 827 1
1824 1103 1
1317 1625 1
118 2068 1
1139 1834 1
1530 1456 1
6 1671 1
1788 1234 1
1635 1624 1
1175 1174 1
534 746 1
347 1036 1
1400 657 1
1728 945 1
1569 425 1
1047 236 1
1919 1970 1
574 556 1
1978 750 1
171 619 1
500 1301 1
438 1577 1
194 222 1
968 646 1
993 1402 1
891 870 1
1539 422 1
1183 1219 1
1001 149 1
150 621 1
999 183 1
1590 505 1
569 1359 1
94 134 1
497 535 1
1025 283 1
350 243 1
1712 94 1
214 225 1
1684 786 1
364 702 1
1904 548 1
1544 1515 1
58 2066 1
640 961 1
1952 1318 1
662 634 1
311 370 1
454 1529 1
1908 724 1
1252 477 1
1257 705 1
307 1433 1
1095 1210 1
523 708 1
474 1450 1
817 903 1
1591 534 1
727 1638 1
1570 397 1
1469 1269 1
1755 643 1
1440 1465 1
739 731 1
562 2000 1
334 1037 1
1841 1085 1
1607 1971 1
544 1946 1
814 101 1
626 1007 1
1267 1489 1
914 890 1
1104 1165 1
1235 1113 1
1701 76 1
1194 1830 1
1823 1089 1
469 1275 1
751 520 1
1116 1776 1
1018 1040 1
1001 219 1
910 815 1
1896 1898 1
1790 1116 1
257 300 1
660 164 1
773 1674 1
