978 1342 -1
844 364 -1
1184 1681 -1
1954 1937 1
559 1708 -1
1353 1473 -1
1561 398 1
1762 446 -1
1970 485 -1
365 1232 -1
364 614 -1
205 1112 -1
1315 1538 -1
754 262 -1
464 1569 1
911 250 -1
1041 1905 -1
537 214 -1
1547 1218 -1
1172 460 -1
834 918 1
1978 948 -1
1313 1192 -1
285 265 1
107 990 -1
1665 1191 -1
1312 1516 -1
713 966 -1
1387 1502 -1
471 773 -1
1870 1535 -1
1351 53 -1
1187 1350 -1
781 755 -1
1683 1768 -1
1936 333 -1
1896 95 -1
461 1634 -1
1259 608 -1
1814 976 -1
1417 704 -1
625 278 -1
2092 1608 -1
654 102 -1
1585 12 -1
1279 374 -1
360 1664 -1
859 1869 -1
22 1309 -1
572 2072 -1
1697 1159 -1
785 980 -1
256 887 -1
204 325 -1
1661 1042 -1
886 1899 -1
727 1666 -1
650 250 -1
1951 1334 1
1858 1887 1
459 1257 1
690 293 1
1261 1578 1
1949 747 1
1325 520 1
2041 906 1
1069 1045 1
1003 976 1
1200 1197 1
67 951 1
1256 1441 1
331 1429 1
2041 2068 1
1787 1144 1
651 2081 1
30 5 1
258 256 1
2037 122 1
1031 376 1
514 1601 1
31 2005 1
556 560 1
937 73 1
621 614 1
1664 25 1
1048 262 1
1057 342 1
1395 185 1
1156 1852 1
157 212 1
261 380 1
1172 1890 1
794 2023 1
1017 383 1
341 355 1
820 2070 1
416 443 1
855 1721 1
1040 1427 1
623 1755 1
1266 430 1
1666 1991 1
988 989 1
529 502 1
1695 1667 1
1852 1126 1
