814 1624 -1
1982 206 -1
1807 1614 -1
246 1377 -1
1224 3 -1
465 464 1
1905 154 -1
411 979 -1
971 582 -1
1780 457 -1
810 980 -1
1908 1924 1
586 365 -1
743 1226 -1
471 1321 -1
1742 207 1
1005 1779 -1
1577 774 -1
988 1552 -1
127 1171 -1
1013 1091 -1
95 1879 -1
1884 2014 -1
1774 728 -1
1396 2034 -1
921 1627 -1
697 421 -1
671 809 -1
383 289 1
1604 1480 -1
1818 1433 -1
1864 1600 -1
665 184 1
730 1975 1
939 1232 -1
689 1744 -1
1630 467 -1
1447 1570 1
930 1259 -1
582 1972 -1
2085 552 -1
2093 1314 -1
1773 1070 1
1733 86 -1
752 1145 -1
720 1383 -1
1318 691 -1
1787 881 -1
1786 1950 -1
847 428 -1
62 1533 -1
660 1284 -1
770 2049 -1
491 1333 -1
1748 1988 -1
1214 2064 -1
1544 291 -1
1401 36 -1
27 1682 1
1293 302 -1
325 1291 -1
1401 1362 -1
1287 732 -1
302 1290 -1
1123 863 -1
406 1141 -1
1397 1204 -1
602 1598 -1
1833 1018 -1
778 2070 -1
1221 1469 -1
201 81 -1
601 465 -1
1813 1435 -1
25 447 -1
1370 997 -1
594 2007 1
1900 1976 -1
2062 1247 -1
2042 1896 -1
653 550 -1
918 1912 -1
1258 540 -1
959 1194 -1
436 757 -1
1537 414 1
1839 1545 -1
172 858 -1
802 514 -1
1370 735 -1
1035 2083 -1
944 1905 -1
209 1975 -1
1718 653 -1
721 789 -1
1658 1900 -1
1161 326 -1
2019 1160 -1
999 1884 -1
1749 533 -1
350 1222 -1
184 592 -1
889 400 -1
1816 611 -1
1324 362 -1
1668 238 -1
1472 227 -1
342 196 -1
1484 378 -1
50 380 -1
700 606 -1
1715 1255 -1
1638 2056 -1
1806 98 -1
706 2082 -1
1104 1028 -1
1913 1308 1
1420 280 1
1399 1397 1
336 682 1
1503 409 1
590 1685 1
1083 1142 1
1058 330 1
1391 2087 1
965 2079 1
647 1733 1
1903 1812 1
354 676 1
2083 1742 1
568 558 1
136 948 1
47 575 1
679 1022 1
900 1702 1
131 76 1
597 805 1
1720 98 1
673 325 1
1982 1643 1
2004 1352 1
1377 558 1
1215 1184 1
1532 1263 1
26 594 1
1745 1747 1
1017 1055 1
344 260 1
1530 1244 1
229 2072 1
2000 1692 1
1320 1307 1
1400 976 1
1568 447 1
414 410 1
898 1718 1
121 64 1
617 631 1
640 205 1
52 858 1
773 26 1
379 1422 1
21 805 1
584 808 1
2004 32 1
1520 1455 1
782 1359 1
886 132 1
780 583 1
1538 1503 1
1851 1893 1
284 2093 1
1902 1148 1
220 638 1
1482 1492 1
626 175 1
1866 1899 1
967 1391 1
1084 1118 1
1672 571 1
239 325 1
1578 1562 1
998 1405 1
1819 1129 1
1719 2065 1
1048 1418 1
55 1729 1
672 1063 1
731 1598 1
1197 1804 1
377 301 1
2025 1675 1
1855 1776 1
1138 1890 1
152 958 1
868 816 1
1967 521 1
803 780 1
2040 844 1
689 266 1
515 1607 1
1004 182 1
2004 1989 1
609 2021 1
820 134 1
478 483 1
830 67 1
1331 1597 1
2097 1765 1
1563 1264 1
