282 947 -1
840 366 -1
2022 1405 -1
803 1545 -1
686 1879 -1
1710 644 -1
142 1479 -1
1314 1948 1
1863 1718 -1
1392 25 -1
55 1936 -1
1118 569 -1
1256 1725 -1
1418 281 1
1685 1623 -1
793 204 -1
1841 302 -1
36 2075 -1
2063 1260 -1
1264 1650 -1
882 1543 -1
1755 946 -1
1479 1038 -1
1006 1206 -1
1172 116 -1
1980 1353 -1
139 2007 -1
615 557 -1
199 20 -1
1913 385 -1
973 1947 -1
633 1171 -1
826 135 1
923 1268 -1
581 578 1
1809 220 -1
1943 1277 -1
1366 74 -1
1085 988 -1
468 1120 -1
1428 1375 -1
1349 1733 -1
124 1692 -1
1459 107 -1
1060 352 1
1122 295 -1
521 968 -1
316 2022 -1
1549 904 -1
743 836 -1
561 159 -1
607 1995 1
63 822 1
339 1931 -1
697 973 -1
1273 1498 1
1861 1850 1
1962 710 1
2084 1344 -1
1295 816 -1
987 1511 -1
1865 1888 1
1710 452 -1
1568 1069 -1
1832 202 -1
458 307 -1
1032 1382 -1
359 831 -1
1158 1501 -1
1496 18 -1
911 103 1
62 477 -1
172 210 1
2056 494 -1
1435 1497 -1
1486 1035 -1
829 627 -1
258 158 -1
143 267 -1
588 2052 -1
390 50 -1
196 867 -1
1454 35 -1
350 1879 -1
769 95 -1
179 475 -1
555 988 -1
1704 148 -1
640 1099 -1
1507 1440 1
445 206 -1
2004 125 -1
1158 1863 1
1092 99 -1
1407 424 -1
934 55 1
1296 1026 -1
1448 1903 -1
682 865 -1
276 1157 -1
1836 1691 -1
548 123 -1
1739 1743 1
731 797 -1
109 1727 1
974 517 -1
70 865 1
1670 458 -1
445 795 -1
2054 90 1
1849 1476 -1
1623 1427 -1
1578 2067 -1
353 724 -1
1464 1796 -1
148 513 -1
437 1404 -1
1724 225 -1
494 574 -1
1498 986 -1
697 1473 -1
533 1238 -1
1693 1812 -1
577 2077 -1
1020 1034 1
801 1107 -1
1657 1116 -1
1423 414 -1
732 1047 -1
406 37 -1
2012 1440 -1
67 1955 -1
953 245 -1
466 543 -1
1919 742 1
480 603 -1
1277 586 -1
1003 1896 -1
922 1613 -1
1183 1689 -1
96 1625 -1
1726 2050 1
1904 8 -1
1962 1157 -1
111 597 -1
998 1011 1
840 1241 -1
1715 1009 -1
1287 612 -1
1751 2089 1
1099 1989 -1
42 859 -1
935 1033 -1
19 1945 -1
478 1184 -1
2042 543 -1
1806 1454 -1
1623 864 -1
14 1084 -1
331 374 1
1347 99 -1
864 1359 -1
1470 1561 1
853 2006 -1
1662 1304 -1
767 943 -1
1661 1298 -1
562 1897 -1
1277 869 -1
2070 90 1
1978 1697 -1
835 1376 -1
1525 489 1
428 1461 1
39 1881 -1
614 803 -1
1467 1822 -1
648 1654 -1
419 922 -1
736 522 1
1724 646 -1
1263 770 -1
149 193 1
1256 1053 -1
639 1062 -1
331 1992 -1
1456 2091 -1
1522 1710 -1
874 934 1
1981 1976 1
1143 240 -1
1051 1694 -1
830 1383 -1
812 304 -1
254 1574 -1
2063 289 -1
684 591 -1
1140 1972 -1
1932 270 -1
810 1968 -1
640 569 -1
1372 515 -1
82 5 -1
170 1518 -1
58 924 1
1573 1046 -1
235 2062 -1
408 1626 -1
1087 986 -1
608 1710 -1
1236 598 -1
503 1998 -1
38 1220 -1
1952 1113 -1
178 66 -1
1622 737 1
1211 761 -1
382 839 -1
1574 983 -1
1721 1098 -1
281 2023 -1
10 1253 -1
2039 789 -1
1585 436 1
651 944 -1
1746 1153 -1
344 1485 -1
2070 1858 -1
1133 1407 -1
1384 1388 1
549 1429 -1
1784 500 -1
1863 420 -1
1418 1754 -1
1824 964 -1
861 1761 -1
1386 217 1
85 1342 -1
314 37 -1
1258 1679 -1
1260 1780 -1
1139 855 -1
90 509 -1
1593 245 -1
1979 2084 -1
883 1657 -1
1143 372 -1
527 2046 -1
452 1442 1
690 249 1
913 437 -1
1513 1558 1
1736 146 1
514 528 1
1708 2065 1
1456 470 1
1553 1469 1
62 893 1
1426 1768 1
432 1552 1
1837 1177 1
1200 1189 1
1148 1086 1
1308 1292 1
1906 756 1
871 95 1
1094 1211 1
1784 1156 1
1926 719 1
1130 1236 1
2006 775 1
1618 1625 1
284 1409 1
1871 1837 1
487 466 1
498 1319 1
791 1993 1
373 1435 1
1677 555 1
493 476 1
636 1752 1
919 929 1
1233 1821 1
1647 783 1
1592 1937 1
1866 1180 1
1664 1691 1
565 18 1
1516 1287 1
1573 1247 1
900 63 1
1634 1329 1
1986 1371 1
1109 1879 1
824 861 1
1354 1652 1
1687 2004 1
544 712 1
1374 1339 1
928 866 1
106 825 1
900 122 1
365 1057 1
418 1576 1
1877 1878 1
1332 714 1
667 645 1
641 1384 1
1619 1983 1
1997 769 1
1308 762 1
1559 1469 1
1761 229 1
1517 415 1
708 761 1
1780 1154 1
1409 1424 1
1350 43 1
890 2032 1
296 341 1
1407 358 1
842 914 1
1998 1993 1
895 950 1
910 2059 1
1508 1492 1
1966 731 1
492 490 1
1362 801 1
1435 1424 1
1567 1443 1
1927 1301 1
498 1307 1
1912 1919 1
666 179 1
1365 595 1
560 808 1
1167 1872 1
1502 1250 1
1546 1486 1
894 906 1
327 1430 1
592 1667 1
190 1400 1
1009 227 1
886 1720 1
261 377 1
1054 313 1
1131 1844 1
1343 804 1
2047 876 1
841 86 1
1332 551 1
802 1366 1
1904 499 1
747 1306 1
1289 402 1
1304 519 1
1061 1411 1
1077 1842 1
2078 1736 1
1988 1999 1
1012 649 1
1599 516 1
418 1573 1
1692 1361 1
927 859 1
949 2062 1
1687 577 1
1540 1262 1
1835 1885 1
1163 1192 1
1234 1238 1
760 1334 1
389 296 1
831 851 1
438 1577 1
2018 1668 1
1812 1859 1
947 868 1
961 963 1
1429 319 1
592 23 1
1703 2066 1
859 132 1
1695 1 1
1258 1270 1
1380 185 1
652 1382 1
1200 1851 1
1007 160 1
453 1453 1
1566 1260 1
1538 1526 1
1642 740 1
1780 1197 1
296 377 1
1686 767 1
112 1713 1
446 483 1
692 1432 1
1613 1591 1
230 181 1
1613 1299 1
606 1654 1
1113 1225 1
1219 1106 1
189 197 1
508 1334 1
2090 208 1
1124 1123 1
1860 1233 1
626 222 1
1616 546 1
232 1392 1
2002 559 1
1517 484 1
838 869 1
435 419 1
1116 1196 1
