598 1086 -1
1450 2063 -1
1622 518 1
589 599 1
860 780 -1
516 1455 -1
304 1176 -1
659 1336 -1
588 312 -1
1281 299 -1
1235 733 -1
92 1534 -1
85 788 -1
94 1872 -1
1530 657 -1
763 1913 -1
255 755 -1
688 707 -1
1105 1333 -1
1925 301 -1
1221 1162 1
1234 1637 -1
598 1138 -1
407 1558 1
1576 1196 -1
1119 2080 -1
1203 1183 1
155 459 -1
1824 462 -1
840 1767 -1
748 131 -1
1351 583 1
537 1628 1
104 1094 -1
628 1688 -1
52 846 1
464 795 -1
1285 1767 -1
1357 455 -1
3 1911 -1
1109 415 -1
1858 2067 -1
994 192 1
1609 468 -1
1601 788 -1
381 725 -1
1266 903 -1
1039 1092 -1
327 1410 1
2096 1589 -1
1067 1606 -1
1337 1095 -1
25 1671 1
692 1999 -1
748 1232 -1
1607 1548 -1
1106 681 -1
853 1516 -1
1463 316 -1
1075 1328 -1
687 351 1
1880 1320 -1
1532 1933 -1
2048 1763 -1
1188 1115 1
384 668 -1
1771 1762 1
1975 1315 1
1547 1572 1
1278 421 1
386 303 1
1884 1078 1
28 767 1
1605 734 1
248 675 1
1277 1473 1
1781 1857 1
1988 1662 1
862 55 1
271 288 1
1997 598 1
1080 1206 1
1647 601 1
711 1963 1
802 1992 1
1090 1782 1
468 395 1
1167 1899 1
342 255 1
576 1353 1
866 92 1
437 418 1
1964 1932 1
1978 1953 1
22 1372 1
2002 587 1
312 1067 1
831 94 1
475 1447 1
371 261 1
1812 1135 1
1160 1824 1
1966 549 1
383 702 1
90 76 1
1811 1216 1
