445 1828 -1
1621 98 -1
457 1732 -1
233 209 -1
1502 1159 -1
597 721 -1
150 1880 -1
1161 838 -1
907 749 -1
893 1143 -1
1002 1778 -1
455 382 -1
647 816 -1
1020 1381 -1
264 2056 -1
257 1306 -1
2078 84 -1
1497 881 -1
890 776 -1
1956 57 -1
354 78 -1
622 534 -1
1799 1245 -1
8 465 -1
1572 1032 -1
1270 282 -1
1603 374 -1
595 1728 -1
1599 761 1
408 414 1
1043 672 1
1071 1288 -1
158 719 -1
1081 1943 -1
1103 921 -1
486 632 -1
51 1427 -1
614 1798 -1
718 1023 -1
1623 8 -1
828 1834 -1
1069 1139 -1
1474 1655 -1
1265 1716 -1
945 661 -1
944 323 -1
527 583 -1
278 234 1
1947 2034 -1
412 813 -1
1441 668 -1
886 1309 -1
549 1755 -1
1581 866 -1
1638 1664 -1
726 1661 -1
1758 1429 -1
178 1505 -1
50 238 -1
1828 1386 -1
1524 1454 1
37 48 -1
1302 1132 -1
1774 68 -1
989 803 -1
1401 346 -1
1197 1560 -1
358 431 -1
1098 917 -1
1511 830 -1
708 95 -1
485 1488 1
301 1703 -1
98 1897 -1
780 809 1
1025 909 -1
1476 500 -1
910 439 -1
2070 419 -1
707 1347 -1
1056 1107 -1
599 1584 -1
780 673 -1
1511 1425 -1
839 1558 -1
276 294 1
1345 512 -1
1817 1150 1
49 2079 -1
65 312 -1
1285 1044 -1
724 224 -1
1054 1252 -1
1601 1448 -1
1710 1799 -1
1926 183 -1
994 1806 -1
1199 1287 -1
1175 839 -1
1701 120 1
105 344 -1
1547 1357 -1
1410 2013 -1
1344 489 -1
1876 740 -1
1867 1562 -1
1713 753 -1
1724 1646 -1
1536 392 -1
1382 1034 -1
974 409 -1
259 1069 1
1356 56 -1
1839 1702 -1
1294 1241 -1
548 1427 -1
1011 987 1
531 749 1
797 794 1
2050 829 1
1106 1183 1
1885 1074 1
267 315 1
877 861 1
1293 761 1
868 852 1
703 1473 1
41 1985 1
892 880 1
1611 1621 1
1287 1560 1
1089 1857 1
302 700 1
1134 1876 1
1672 776 1
2098 277 1
1125 1084 1
1832 1826 1
2061 72 1
369 251 1
80 846 1
1371 596 1
1002 2081 1
162 207 1
1926 762 1
1926 754 1
10 1686 1
296 245 1
489 1508 1
1860 1786 1
427 1281 1
1021 344 1
920 60 1
2004 797 1
1211 1115 1
23 1341 1
1740 1746 1
370 246 1
1090 1896 1
1507 1276 1
736 498 1
1196 1140 1
1301 718 1
1154 1878 1
1242 1450 1
1963 754 1
368 383 1
685 676 1
483 1471 1
99 48 1
859 929 1
412 473 1
674 1025 1
629 2079 1
911 943 1
70 52 1
1598 542 1
419 1560 1
1845 1788 1
235 1051 1
1595 734 1
1661 1652 1
1710 112 1
860 887 1
210 139 1
854 872 1
658 181 1
157 226 1
1656 16 1
1164 1142 1
1450 1468 1
1418 331 1
2094 357 1
236 677 1
1880 1139 1
548 1321 1
870 824 1
1175 1118 1
595 1338 1
1870 1205 1
1128 1882 1
1864 1228 1
1450 1560 1
347 1047 1
708 1948 1
785 575 1
1338 1688 1
1908 732 1
1752 1004 1
688 369 1
