666 1786 -1
1104 342 -1
1315 2047 -1
1233 1911 -1
320 1082 -1
610 1502 -1
1480 955 -1
1116 1682 -1
2054 915 1
615 628 1
442 1242 1
403 318 -1
721 150 -1
2095 807 -1
1401 1195 -1
1406 678 -1
373 1200 -1
13 489 -1
1551 1580 1
611 1155 -1
1374 2021 1
1585 1164 -1
565 1499 -1
1468 1525 1
380 2059 -1
1244 1831 -1
286 1140 -1
2040 373 -1
2027 2011 1
786 899 -1
1006 773 -1
1639 1254 -1
1560 248 -1
1314 684 -1
1991 1318 -1
1417 1198 -1
1221 473 -1
1351 671 -1
1368 1983 -1
1444 280 -1
1202 1745 -1
1207 1396 -1
1916 697 -1
113 457 -1
1896 1563 -1
890 1483 -1
2007 1895 -1
1919 1430 -1
967 950 -1
1432 1714 -1
1103 1273 -1
5 359 -1
1534 511 -1
1468 973 -1
520 1315 1
146 111 -1
1304 1617 1
909 1198 -1
566 520 -1
458 1294 -1
1151 660 -1
1251 217 -1
478 1083 -1
611 2064 -1
938 1378 -1
1007 1666 -1
1724 1833 -1
1641 1503 -1
258 1706 -1
788 1869 -1
23 516 -1
876 1523 -1
421 738 -1
1170 1371 -1
413 1626 -1
1208 1966 -1
204 1776 -1
1860 1054 -1
1493 1356 -1
652 629 1
1771 2056 -1
1648 1412 -1
1737 454 -1
192 1443 -1
1273 815 -1
1224 1868 1
1445 348 -1
99 6 -1
1809 1868 1
545 631 -1
1110 1437 -1
1784 769 -1
367 857 -1
166 547 -1
781 1246 -1
2030 757 -1
246 2038 -1
259 990 -1
230 1457 -1
1993 1580 -1
105 701 -1
178 1837 -1
1850 290 -1
699 1237 -1
244 2071 -1
1200 1403 -1
124 326 -1
562 699 -1
1450 456 1
205 1266 -1
1380 662 1
335 772 -1
500 245 -1
231 1115 -1
726 756 1
521 843 -1
1694 167 -1
1683 979 -1
1970 476 -1
1903 1412 -1
790 147 -1
679 1702 -1
1602 2025 -1
744 1536 -1
1056 1554 -1
1807 678 -1
1245 1706 -1
1137 1590 -1
1385 13 -1
187 102 -1
1773 84 -1
685 1797 -1
1803 1558 -1
120 1701 1
19 194 -1
859 2080 -1
985 1407 -1
1005 857 -1
1234 1598 -1
1378 1160 -1
1017 126 -1
935 990 -1
1537 1815 -1
1806 1478 -1
574 1366 1
848 1541 -1
772 738 -1
478 350 -1
1520 298 -1
440 1262 1
2012 1059 -1
1911 1273 -1
58 1823 -1
817 1350 -1
1286 1183 -1
187 448 -1
4 653 -1
1453 852 -1
1957 2018 -1
1861 699 -1
1123 289 -1
1703 308 -1
662 855 -1
168 607 -1
1602 1588 1
1547 737 -1
385 1734 -1
493 1722 -1
338 1301 -1
424 1416 -1
26 1123 -1
1812 1834 1
575 483 -1
1312 1851 -1
1685 1430 -1
1974 1626 1
108 1839 -1
862 1479 -1
51 525 -1
559 985 -1
1624 1076 -1
491 1670 -1
1367 1380 -1
999 82 -1
317 96 -1
1591 665 -1
515 586 -1
444 1261 1
1489 16 -1
227 614 1
1458 269 -1
1477 101 -1
452 1682 -1
1343 844 -1
1167 1052 -1
795 442 -1
1536 1560 1
278 1314 -1
149 1946 -1
1111 552 -1
1456 10 -1
1783 1806 1
1949 712 1
387 287 1
55 851 1
1314 950 -1
882 365 -1
1473 1452 1
724 1664 -1
1707 30 -1
1089 1697 -1
1531 1003 -1
1094 877 -1
686 989 -1
887 1965 -1
302 1284 -1
1065 1347 -1
624 22 -1
971 892 -1
819 1527 -1
1942 1137 -1
736 1145 -1
1044 1714 -1
671 1227 -1
888 350 -1
2010 539 -1
568 1797 -1
1789 243 -1
839 1393 -1
1338 1017 -1
1136 844 -1
193 1268 -1
1985 1031 -1
1565 1724 -1
2091 1008 1
79 1010 -1
1670 1353 1
901 542 -1
1074 468 -1
201 1987 -1
1179 361 -1
1153 1903 1
139 225 1
878 128 1
1204 1085 1
1727 2045 1
673 1438 1
920 124 1
621 652 1
577 1695 1
1687 777 1
1085 1190 1
1655 46 1
263 247 1
788 34 1
1080 1829 1
546 1943 1
1745 653 1
1035 1764 1
1149 1198 1
247 1038 1
1602 540 1
765 2016 1
2069 946 1
1578 1259 1
605 1668 1
337 362 1
1770 1771 1
485 1272 1
1744 137 1
571 787 1
2027 22 1
1479 465 1
1674 1694 1
139 183 1
795 46 1
99 934 1
1554 704 1
763 783 1
1842 1218 1
685 1031 1
1414 350 1
155 1738 1
132 120 1
1668 8 1
266 344 1
1799 1798 1
133 868 1
1155 1081 1
1748 1385 1
76 819 1
1599 1311 1
1305 1927 1
561 1 1
510 547 1
504 1636 1
1790 1849 1
1173 1817 1
594 569 1
1102 1873 1
424 454 1
631 163 1
366 1768 1
1475 1465 1
293 1054 1
635 2074 1
429 1259 1
1675 1653 1
922 2063 1
311 1014 1
1364 1670 1
1695 1367 1
1106 1777 1
927 832 1
611 965 1
417 462 1
1226 1234 1
243 276 1
16 1338 1
1123 1077 1
1061 1415 1
1714 813 1
1066 257 1
1524 1515 1
718 1944 1
1734 1748 1
90 95 1
1384 966 1
418 1547 1
512 1906 1
1738 137 1
387 384 1
1588 758 1
539 1933 1
1893 1156 1
1972 527 1
661 232 1
1337 1342 1
1100 1902 1
99 96 1
1579 1251 1
235 1426 1
2043 900 1
323 248 1
654 983 1
1986 12 1
1632 1909 1
1498 486 1
545 724 1
265 1018 1
1725 84 1
754 1603 1
1994 1 1
903 853 1
1399 953 1
666 1397 1
1931 1956 1
1750 2087 1
894 850 1
974 1007 1
807 1368 1
1395 1391 1
1215 1182 1
884 830 1
1561 471 1
52 931 1
874 919 1
85 2047 1
135 112 1
829 117 1
2046 1717 1
1374 1677 1
1312 1318 1
435 482 1
604 2026 1
1997 577 1
2002 1659 1
2071 111 1
1646 582 1
1651 1648 1
911 84 1
731 729 1
1485 1452 1
802 24 1
776 1984 1
883 2065 1
1709 908 1
2021 2010 1
1626 733 1
326 1056 1
1525 1569 1
385 295 1
1762 246 1
776 1343 1
543 1293 1
749 1982 1
1136 1205 1
1427 1022 1
1846 1088 1
405 1283 1
1317 718 1
546 512 1
1824 1113 1
1369 593 1
1370 27 1
1302 1921 1
1951 1625 1
1457 1569 1
1352 1350 1
616 957 1
1493 486 1
1221 1235 1
827 930 1
1918 1293 1
588 1667 1
1196 1859 1
1483 1289 1
1407 1771 1
1014 267 1
587 1364 1
