381 1064 1
428 765 -1
1203 18 -1
369 2084 -1
1982 1190 -1
68 1403 -1
1523 1873 -1
189 2066 -1
888 16 -1
650 905 -1
210 1277 -1
1346 2091 -1
1554 837 -1
1855 734 -1
1409 107 -1
809 1737 -1
692 970 -1
1291 896 -1
745 37 -1
291 1977 -1
520 852 -1
149 37 -1
301 220 -1
2027 1273 -1
802 1958 -1
1036 2012 -1
198 1211 -1
751 2055 -1
1017 1535 -1
1908 1701 -1
818 1018 -1
1707 2083 -1
1943 1350 -1
75 1536 -1
1814 239 -1
1777 1216 1
651 1785 -1
343 780 -1
827 224 -1
1705 1990 -1
842 1721 1
1741 1703 -1
553 245 -1
557 1472 -1
1915 362 -1
624 2003 -1
2044 119 1
1634 483 -1
1418 2018 -1
1264 1925 -1
1384 1601 -1
1906 922 -1
1910 1099 -1
966 1148 -1
2017 541 -1
425 1769 -1
1959 1927 1
1751 131 -1
883 875 1
612 1390 1
1155 1786 1
1807 1814 1
397 1490 1
2093 291 1
814 2070 1
1733 663 1
194 2087 1
1427 684 1
968 648 1
1513 1521 1
1412 1764 1
1898 1887 1
1502 1514 1
363 247 1
51 842 1
1417 376 1
897 48 1
377 1032 1
1819 1176 1
732 494 1
1552 1576 1
1322 708 1
1236 1816 1
922 2054 1
1038 698 1
1727 902 1
844 2048 1
273 1770 1
1422 701 1
199 1750 1
194 1012 1
1528 1258 1
1569 420 1
549 1623 1
2014 609 1
1885 1238 1
1403 1388 1
1199 1793 1
723 1640 1
451 442 1
844 918 1
1054 277 1
86 951 1
1864 1807 1
1335 1367 1
522 1608 1
