977 1835 -1
317 1236 -1
501 1515 -1
1334 598 -1
119 1513 -1
931 11 -1
559 1929 -1
1091 821 -1
1950 580 -1
959 2083 1
1590 427 -1
385 482 -1
992 1510 -1
175 1187 -1
619 1487 -1
755 1458 -1
581 1496 -1
1920 1368 -1
1978 57 -1
1081 851 -1
1369 90 -1
1148 1468 -1
2088 903 -1
2002 819 -1
1748 1194 -1
1540 513 -1
652 379 -1
1951 1076 -1
1482 687 -1
945 1099 -1
1841 1588 -1
1053 1742 -1
1160 724 -1
632 186 1
609 1688 1
1012 870 -1
1014 1656 -1
1774 526 -1
282 142 -1
667 1761 1
807 1024 -1
1635 1537 -1
759 1786 -1
1873 1453 -1
464 141 -1
736 397 -1
1182 790 -1
1679 968 -1
269 984 -1
2046 1671 -1
678 1166 -1
1027 616 -1
867 1080 -1
399 513 -1
1269 159 -1
264 1178 -1
362 1542 -1
445 1769 -1
642 1038 -1
876 1860 -1
879 821 1
1483 2001 -1
1948 1548 -1
493 872 -1
505 2028 -1
1251 32 -1
1012 638 1
1663 576 1
1450 159 -1
651 1914 -1
830 1927 -1
141 1828 -1
1763 948 -1
1524 465 1
1950 355 -1
1772 1902 -1
246 414 -1
1006 243 -1
454 679 -1
72 1820 -1
85 1839 -1
1530 1957 -1
1749 360 -1
367 722 -1
1071 1280 -1
1109 264 -1
851 1942 -1
351 1306 -1
798 1725 -1
805 1935 -1
493 98 -1
751 1156 -1
191 110 -1
942 1757 -1
942 636 -1
1694 1082 -1
1462 1274 1
88 1923 -1
1168 1801 1
744 70 -1
1152 1054 -1
167 763 -1
354 1279 -1
1304 1143 -1
1393 126 -1
464 765 -1
791 1465 -1
1188 1951 -1
1179 1041 -1
751 675 -1
1560 0 -1
1085 1850 1
1979 60 -1
1016 1713 -1
994 1042 -1
1221 1684 -1
851 77 1
433 413 1
274 1412 1
1352 1377 1
1385 183 1
707 712 1
2027 1350 1
1572 1582 1
1195 1875 1
516 547 1
562 44 1
1143 1114 1
1696 1367 1
1706 852 1
642 1405 1
343 333 1
893 886 1
168 146 1
1521 1489 1
859 858 1
1078 1181 1
493 1453 1
584 780 1
1014 1059 1
1336 1359 1
42 1692 1
1126 1902 1
753 1906 1
108 2033 1
192 223 1
652 1730 1
1207 1899 1
22 41 1
856 846 1
10 1677 1
605 1679 1
112 107 1
378 285 1
1004 665 1
1253 402 1
872 813 1
1019 1062 1
1310 727 1
1729 88 1
1215 1893 1
1587 1971 1
1406 1390 1
1403 1387 1
1246 1580 1
1151 1114 1
1813 1898 1
415 412 1
532 1299 1
1935 1611 1
1149 1863 1
1170 1215 1
2004 796 1
1240 1872 1
1644 1657 1
1050 263 1
1587 1611 1
1701 120 1
407 1529 1
429 467 1
18 47 1
209 220 1
1731 183 1
602 573 1
2086 196 1
211 1403 1
1096 1777 1
986 982 1
1890 1110 1
1276 1571 1
400 1449 1
233 1048 1
1366 559 1
1840 1147 1
930 854 1
1654 1335 1
1928 734 1
150 222 1
796 765 1
779 800 1
1181 1836 1
1565 1501 1
142 648 1
13 18 1
351 681 1
1732 1405 1
1261 1450 1
1709 850 1
862 2056 1
2090 671 1
