1593 1766 -1
1520 1803 -1
873 515 -1
943 670 -1
414 663 -1
1282 1556 1
990 198 1
391 255 1
478 1292 -1
1132 557 -1
805 423 -1
1672 433 -1
128 1882 -1
1831 1535 -1
641 2027 -1
1557 1088 -1
441 1235 -1
2042 1292 -1
586 1488 -1
1458 587 -1
915 638 -1
991 1641 -1
610 722 -1
1652 144 -1
2050 137 -1
1659 1949 -1
683 376 1
676 1776 -1
2069 179 -1
1839 982 -1
1112 957 -1
1361 839 -1
1613 740 1
139 1873 -1
1975 1806 -1
1802 1209 1
750 1322 1
9 1623 -1
1057 1764 1
1496 369 -1
174 1680 -1
1341 894 -1
172 1924 -1
383 1136 -1
1584 635 -1
678 83 -1
193 951 -1
158 511 -1
1519 1778 -1
964 432 -1
43 856 -1
569 1741 -1
1045 1916 -1
1728 942 1
1975 1119 -1
267 1389 -1
2011 179 -1
697 455 -1
649 262 -1
1694 1961 -1
133 482 -1
1709 22 -1
204 1036 -1
1463 328 -1
181 1591 -1
1093 84 -1
1235 363 -1
928 1531 -1
2013 1027 -1
1460 1395 -1
568 1709 -1
1277 1334 -1
1413 685 1
1200 706 -1
2001 810 1
1173 1460 -1
563 373 -1
675 1868 -1
1025 1610 -1
875 1436 -1
260 1839 -1
55 994 -1
1427 1527 -1
1464 313 -1
306 124 -1
1375 1545 -1
630 219 1
452 1589 -1
243 364 1
480 1882 -1
338 1315 -1
685 2009 -1
560 686 -1
1131 2021 -1
1855 229 -1
611 177 1
260 970 -1
228 948 -1
884 694 -1
1501 1813 -1
943 1007 -1
978 453 -1
908 907 1
42 2048 -1
78 1028 -1
1035 1809 -1
1415 696 1
1862 798 -1
1260 1119 -1
1101 1720 -1
1615 24 -1
1502 275 -1
1087 1459 -1
1540 1413 -1
1213 1813 1
851 658 -1
1962 1003 -1
483 114 -1
450 992 -1
557 2024 1
1467 37 -1
722 1291 1
648 652 1
170 484 -1
568 2025 1
1128 895 -1
1362 166 -1
1630 1039 -1
675 1967 -1
13 149 -1
258 1219 -1
1282 230 -1
385 532 -1
370 1031 1
1328 1399 -1
1949 1647 -1
925 1269 -1
1393 1577 -1
663 383 -1
126 2048 1
1510 212 -1
1525 934 -1
608 617 -1
1505 1388 -1
789 700 -1
972 447 -1
1942 1687 -1
319 1807 -1
1783 1498 -1
641 1672 -1
1585 1731 -1
1009 436 -1
572 2011 1
1745 1504 -1
1608 695 -1
267 1443 -1
1451 1809 -1
2054 431 -1
1226 2055 -1
2038 1990 -1
819 70 1
553 1246 -1
1164 1915 -1
1472 723 -1
980 170 1
383 71 -1
1619 942 -1
1787 1015 -1
131 890 1
1731 2097 -1
930 73 1
1580 1016 -1
404 436 1
211 1718 -1
1640 1391 -1
1437 462 -1
1960 2020 -1
1294 52 -1
1997 998 -1
80 979 -1
703 1993 -1
258 1119 -1
1972 1908 1
1704 1766 -1
1264 757 -1
1281 2029 -1
1970 694 -1
557 1116 -1
1462 1461 1
1983 432 -1
330 882 -1
513 1357 -1
1085 994 -1
821 1311 -1
908 163 -1
251 914 -1
1383 1855 -1
31 1910 -1
1358 1224 -1
614 1645 -1
772 159 -1
806 1128 -1
846 445 -1
1248 623 -1
1205 362 -1
292 1801 -1
1136 1029 -1
217 1573 -1
1865 242 -1
1684 1931 -1
396 1033 -1
1317 1986 -1
402 1627 -1
1406 608 -1
2080 122 -1
80 948 1
190 1473 -1
1468 1655 -1
707 312 -1
552 527 1
162 1184 -1
1051 681 1
970 126 -1
758 192 -1
1046 1097 -1
257 266 1
368 1365 -1
18 1392 -1
1958 1777 -1
41 232 -1
1450 1711 -1
1314 986 -1
2053 517 -1
1682 909 -1
2077 1532 -1
1671 967 -1
1592 568 -1
2064 1913 -1
497 182 -1
1664 1366 1
1842 258 -1
1778 1084 1
1340 655 -1
1810 1452 -1
441 876 -1
2000 1576 -1
1767 863 -1
2019 1 1
853 934 1
28 587 1
484 1549 1
906 935 1
1316 1614 1
914 870 1
587 557 1
1548 1547 1
232 1735 1
188 631 1
1255 1519 1
990 1384 1
1204 1137 1
1311 1959 1
1881 1131 1
263 698 1
441 1541 1
1732 188 1
1250 1531 1
961 996 1
877 895 1
1769 236 1
183 1406 1
516 757 1
370 1407 1
364 301 1
272 678 1
121 868 1
1916 1302 1
1022 690 1
2013 2029 1
1838 1130 1
2095 260 1
146 670 1
398 1538 1
141 952 1
1901 1145 1
1491 1270 1
1530 1477 1
593 772 1
1625 1947 1
1116 1832 1
464 1267 1
1271 1441 1
816 68 1
1090 1779 1
1623 1923 1
742 1588 1
1212 1855 1
671 960 1
1477 431 1
1330 523 1
748 1960 1
1862 1874 1
552 1968 1
269 389 1
1059 1432 1
2006 805 1
284 264 1
292 278 1
1397 206 1
652 200 1
1914 1929 1
1551 426 1
82 870 1
216 148 1
1280 1504 1
1769 352 1
192 638 1
908 859 1
273 1428 1
1588 762 1
925 2059 1
1148 1211 1
1107 1846 1
661 972 1
19 1680 1
352 294 1
1650 571 1
1183 1148 1
1894 1794 1
793 2003 1
1357 8 1
1498 1554 1
1535 1448 1
729 1961 1
395 1538 1
2016 1990 1
1465 450 1
1935 1642 1
120 1707 1
992 661 1
134 880 1
1285 1442 1
822 1713 1
519 504 1
2091 1748 1
2052 832 1
1899 1855 1
291 1027 1
832 128 1
1464 1515 1
642 1395 1
1181 1129 1
736 513 1
660 979 1
1100 1102 1
1979 1622 1
2000 44 1
654 976 1
1664 1345 1
1859 1119 1
2053 116 1
552 1911 1
1339 39 1
10 1368 1
197 631 1
584 1669 1
1212 1133 1
1832 1234 1
623 140 1
774 1373 1
147 178 1
1424 358 1
1412 314 1
744 1926 1
802 32 1
1782 1232 1
1196 1149 1
332 371 1
1347 792 1
1121 1841 1
82 906 1
1283 1537 1
1819 1825 1
1134 1889 1
75 88 1
1818 1086 1
262 1034 1
267 1768 1
825 906 1
2012 1347 1
1564 1562 1
853 813 1
1840 1778 1
1785 1831 1
1271 1542 1
1777 1827 1
1648 32 1
2035 58 1
1285 1465 1
388 1052 1
1375 2015 1
1690 592 1
1865 1221 1
706 1922 1
870 2062 1
384 383 1
1212 1803 1
301 1044 1
621 162 1
866 890 1
712 1315 1
1246 1286 1
618 1732 1
1742 1754 1
703 444 1
1799 1900 1
1381 631 1
335 1438 1
1027 1035 1
519 1612 1
