186 2010 -1
341 2081 -1
1887 1679 -1
688 1574 -1
648 1189 -1
1904 606 -1
6 1503 -1
1707 1602 -1
1179 1119 1
843 1536 -1
387 972 -1
136 1010 -1
2053 801 -1
73 928 1
743 1591 1
1727 86 1
1392 846 -1
855 1501 -1
1835 1033 -1
162 1488 -1
1397 897 -1
1035 488 -1
1932 728 1
726 1557 -1
905 675 -1
15 253 -1
362 1600 -1
636 1560 -1
1903 1947 -1
1505 1007 -1
638 932 -1
1329 809 -1
1748 2095 -1
19 414 -1
516 1076 -1
289 284 1
641 1576 -1
1780 1193 1
542 982 -1
1359 890 -1
814 1533 -1
1130 1210 1
1309 1438 -1
1572 1787 -1
1591 217 -1
2042 250 -1
605 676 -1
1837 1977 -1
986 1574 -1
1901 1098 1
630 21 -1
1315 1440 -1
1056 221 -1
1411 1918 -1
97 559 -1
89 1132 -1
743 455 -1
1881 413 -1
1034 59 -1
312 1044 1
1666 45 1
644 2034 -1
1038 458 -1
1800 916 -1
174 212 1
567 1353 1
1268 1501 1
428 1288 1
1195 1889 1
1216 1781 1
1725 2063 1
1614 747 1
535 1610 1
106 2041 1
551 1970 1
281 1430 1
1917 522 1
1541 1554 1
1265 411 1
649 164 1
1572 452 1
1311 1631 1
460 1487 1
194 977 1
705 1492 1
794 562 1
1643 728 1
1564 448 1
102 862 1
1271 1476 1
1648 1353 1
1529 1493 1
301 1769 1
2043 106 1
385 1027 1
1388 616 1
1436 674 1
479 493 1
82 846 1
1352 12 1
571 563 1
158 616 1
987 625 1
480 1532 1
802 770 1
350 265 1
