364 497 -1
303 606 -1
1326 1212 -1
343 488 -1
1791 848 -1
549 1602 1
431 228 -1
1382 102 -1
1799 906 -1
499 709 1
1419 670 -1
1988 348 -1
492 353 -1
532 167 -1
1110 754 -1
1994 1860 -1
2009 1428 -1
27 171 -1
1675 401 -1
1880 393 -1
1664 130 -1
1340 1073 -1
1191 176 -1
320 991 -1
1399 1016 -1
1870 551 -1
304 604 -1
1345 871 -1
1414 1549 -1
1498 1975 -1
1806 1112 1
638 1083 -1
1319 2025 -1
879 740 -1
1645 676 -1
311 321 1
835 40 -1
155 1815 -1
944 1880 -1
1769 526 -1
1024 1068 1
1855 352 -1
642 354 -1
1329 421 -1
1582 1432 -1
1107 280 -1
118 1625 -1
48 1144 -1
559 1133 -1
1829 69 -1
1159 2081 -1
1613 667 -1
804 2080 -1
1646 1457 -1
1510 320 -1
980 742 -1
748 628 -1
1739 1595 -1
713 1564 -1
260 1358 -1
367 1223 -1
1307 973 -1
1045 829 -1
543 1639 1
1783 948 -1
1805 590 -1
205 1584 -1
640 693 -1
694 231 -1
1164 771 -1
724 1239 -1
933 1639 -1
1305 1999 -1
861 1590 -1
1136 328 -1
897 1351 -1
1311 510 1
1883 841 -1
1328 1383 -1
1869 528 -1
554 1801 -1
690 335 1
745 104 -1
1713 1754 -1
486 949 -1
588 1547 -1
1169 972 -1
2053 960 -1
438 1796 -1
1589 1898 -1
1259 1096 -1
546 1598 1
621 779 -1
63 719 -1
1599 2027 -1
2051 2013 -1
859 1294 -1
95 119 1
1310 1769 -1
1186 215 -1
1394 1702 -1
1274 1450 1
862 1691 -1
106 1813 -1
254 117 -1
870 743 -1
1851 903 -1
1719 1105 -1
1456 1236 -1
767 1295 -1
2087 1168 -1
104 1711 1
794 1913 -1
1024 1903 -1
1018 1049 1
201 867 -1
1012 11 -1
1076 1368 -1
1839 1874 1
726 1969 1
1587 1977 1
1549 1261 1
1557 1484 1
1801 1156 1
165 1381 1
664 975 1
1383 1754 1
1407 264 1
145 2078 1
723 1589 1
1586 1303 1
890 103 1
839 103 1
324 678 1
460 1249 1
456 1574 1
927 53 1
1262 1289 1
557 1341 1
681 1407 1
1789 1149 1
1555 1559 1
112 2037 1
872 2052 1
1122 1203 1
1139 1820 1
751 1304 1
1849 1126 1
2037 885 1
653 635 1
858 102 1
592 1341 1
1421 375 1
2009 1365 1
1103 1903 1
688 308 1
1812 1844 1
537 518 1
625 955 1
1577 1452 1
1663 768 1
97 106 1
1558 487 1
455 1563 1
1745 655 1
840 63 1
2042 86 1
678 343 1
1844 1777 1
563 574 1
1128 1902 1
561 795 1
851 855 1
1829 1232 1
858 2062 1
1073 1185 1
420 433 1
1860 1202 1
1762 243 1
1564 464 1
641 230 1
1861 1151 1
1931 709 1
828 945 1
923 2062 1
1255 408 1
125 59 1
162 2073 1
1337 777 1
633 1758 1
1940 720 1
1646 569 1
433 1448 1
2022 1353 1
1187 1893 1
1395 2084 1
1828 1812 1
469 1252 1
1912 737 1
286 321 1
468 1570 1
1354 555 1
178 1761 1
889 113 1
1186 1792 1
112 70 1
2023 1992 1
399 1539 1
848 72 1
1009 634 1
