1857 472 -1
770 1503 -1
434 1413 -1
2088 1486 -1
1128 1656 -1
1495 2049 -1
1720 409 -1
465 1277 1
209 358 -1
1976 1661 -1
527 1026 -1
1919 1051 -1
618 1447 -1
1732 1842 -1
183 1098 -1
346 1220 -1
1541 1931 -1
152 1758 1
1834 393 -1
130 1751 -1
1360 292 -1
672 1170 -1
1328 259 -1
1764 1602 -1
1865 1921 -1
411 999 -1
1325 90 -1
1192 840 -1
1481 1002 -1
267 759 -1
983 807 -1
359 295 1
311 222 -1
1472 1337 -1
1242 1086 -1
1545 565 -1
1473 2003 -1
956 1387 1
556 879 -1
747 1875 -1
1342 1851 -1
364 546 -1
1002 1854 -1
678 755 -1
1730 1136 -1
446 1289 1
1926 51 -1
1725 794 -1
234 413 -1
1816 157 -1
186 1623 -1
1471 1404 -1
1713 1110 -1
2024 954 -1
590 224 -1
1465 599 -1
778 978 -1
317 2074 -1
421 257 -1
672 924 -1
71 306 -1
1588 810 -1
499 1197 -1
1080 1696 -1
201 1768 -1
1238 545 -1
1902 1745 -1
144 1045 -1
1974 294 -1
1257 1301 -1
1063 499 -1
481 1185 -1
554 302 -1
137 235 -1
1474 280 -1
954 561 -1
24 981 -1
1503 731 -1
1920 1090 -1
1800 522 -1
196 1454 -1
493 1126 -1
422 1836 -1
412 784 -1
1089 1125 1
1664 860 -1
536 205 -1
859 135 1
1010 1811 -1
2054 1743 -1
1911 323 -1
1697 729 -1
1579 2052 -1
402 1238 -1
813 1262 -1
202 1228 -1
2044 829 1
1188 622 -1
317 435 -1
270 1769 1
1028 641 -1
1721 952 -1
1018 1106 -1
131 515 -1
1958 702 -1
1990 1270 -1
384 1623 -1
1198 1183 1
676 1791 -1
300 1380 -1
681 665 -1
1435 68 -1
1340 2072 -1
1702 1518 -1
144 1942 -1
1391 1812 -1
83 1549 -1
818 407 -1
653 782 -1
1559 1636 -1
491 146 -1
1756 1347 -1
1670 1800 -1
869 2099 -1
1906 1966 1
15 581 1
262 102 -1
2012 1957 -1
1939 999 -1
1538 1007 -1
931 2000 -1
1064 74 -1
1514 128 -1
212 488 -1
633 1223 -1
1768 295 1
1107 2012 -1
151 1978 -1
874 170 -1
581 704 -1
668 393 -1
57 1296 -1
742 831 -1
274 243 1
1840 1867 1
1825 1629 -1
225 133 -1
100 743 -1
1743 159 1
27 1290 -1
1580 2038 -1
1377 1934 -1
442 773 -1
514 1244 -1
1175 349 -1
132 258 -1
353 1644 -1
97 1702 1
1180 1671 -1
1427 560 -1
518 1744 -1
1516 2011 -1
2058 1450 -1
1555 1543 1
204 1274 -1
606 644 -1
1346 1086 -1
494 855 -1
2005 1303 -1
1459 490 1
716 1903 -1
832 1010 -1
2086 1542 -1
489 399 1
1012 1872 -1
640 1205 -1
1274 2001 -1
146 136 -1
1418 548 -1
1816 1117 1
158 496 -1
6 1773 -1
632 993 1
869 328 -1
1158 1075 1
1744 1926 -1
1601 302 -1
1907 985 -1
1981 1426 -1
1359 659 -1
1674 669 -1
1988 1017 -1
307 652 -1
793 484 -1
396 695 -1
1343 1446 -1
468 1066 -1
684 1031 1
1614 2047 -1
1146 1899 1
644 1339 -1
1094 575 -1
511 95 -1
2095 1714 -1
1843 1939 -1
1631 33 -1
1573 395 1
2068 1536 -1
1930 2075 -1
1522 1229 -1
1544 749 -1
1672 635 -1
352 393 1
1168 35 -1
1978 2036 -1
1514 1373 -1
1414 1507 -1
1214 290 -1
771 916 -1
517 64 -1
249 1595 -1
1351 1680 1
2003 721 -1
809 1617 -1
616 1966 -1
1284 753 -1
690 1075 -1
1250 1315 -1
1551 1440 1
2052 1265 -1
972 1074 -1
839 1993 -1
1045 1510 -1
1086 1727 -1
414 1100 -1
1139 1659 -1
123 1529 -1
1564 1280 1
1377 1128 -1
278 1603 -1
1228 1219 1
1929 737 1
869 59 1
401 440 1
1630 748 1
821 121 1
1688 791 1
619 209 1
608 797 1
1034 347 1
761 1293 1
1252 1502 1
900 893 1
731 1304 1
496 1925 1
58 98 1
665 634 1
910 840 1
673 236 1
343 367 1
800 2026 1
1236 1898 1
750 1591 1
1483 1248 1
1555 427 1
2029 35 1
1345 1672 1
603 812 1
130 129 1
355 1023 1
1958 727 1
726 1315 1
1367 2005 1
134 83 1
1701 898 1
2046 890 1
546 1942 1
1414 269 1
1734 662 1
1997 789 1
1524 1564 1
1823 1150 1
956 1395 1
1285 703 1
503 1982 1
247 381 1
63 1710 1
175 976 1
586 779 1
1091 1133 1
485 406 1
868 1716 1
350 357 1
541 1609 1
1410 291 1
1246 1259 1
820 838 1
1624 1923 1
1224 1232 1
1918 1908 1
1238 1157 1
468 1551 1
1223 1865 1
1577 1524 1
617 638 1
1453 427 1
1977 1589 1
883 897 1
1994 593 1
1599 1609 1
2030 2034 1
1432 1770 1
1028 352 1
1324 1296 1
201 1747 1
834 2031 1
1726 888 1
561 766 1
964 957 1
1676 808 1
1976 1309 1
1251 1268 1
1587 546 1
1459 1533 1
1135 1231 1
478 1528 1
1096 1144 1
55 114 1
1344 1340 1
1624 722 1
562 15 1
1435 1417 1
867 133 1
1702 135 1
1066 253 1
64 910 1
1698 565 1
1979 1606 1
1889 1185 1
299 1018 1
426 1580 1
103 1728 1
890 2068 1
1274 1535 1
867 936 1
1057 327 1
973 952 1
1391 1744 1
1742 984 1
233 1032 1
1765 1054 1
844 851 1
2047 889 1
1641 1325 1
892 75 1
1827 1225 1
1778 1187 1
255 1042 1
684 338 1
225 211 1
985 640 1
1051 376 1
1234 1808 1
1387 159 1
1879 1191 1
985 615 1
1270 1543 1
1594 761 1
766 1344 1
1442 1289 1
1716 121 1
84 880 1
2059 90 1
1166 1238 1
121 2053 1
206 636 1
1445 456 1
1194 1132 1
1177 1210 1
1929 535 1
1641 529 1
1482 705 1
1368 2 1
145 983 1
45 573 1
1568 423 1
947 950 1
1686 1341 1
1861 1222 1
181 191 1
356 336 1
2098 320 1
609 1662 1
912 909 1
498 1618 1
49 828 1
353 236 1
1916 1294 1
1050 324 1
1097 1816 1
1138 1113 1
599 1996 1
1211 1228 1
1607 524 1
32 774 1
38 1359 1
1201 1791 1
1653 39 1
2027 1665 1
779 21 1
1231 1089 1
646 998 1
480 1543 1
1022 349 1
1267 421 1
994 982 1
1846 1889 1
238 673 1
1382 1388 1
785 1650 1
