2091 613 1
663 1869 -1
770 469 -1
289 233 1
217 1141 -1
831 1731 -1
98 953 -1
278 1013 -1
15 1490 -1
720 201 -1
538 18 -1
1361 1079 -1
136 292 -1
1753 1160 -1
886 222 -1
88 1976 -1
1641 1490 -1
1952 1036 -1
1210 986 -1
791 995 -1
1856 1584 -1
327 1227 -1
1574 944 -1
1057 153 -1
1023 1844 -1
384 886 -1
1374 1489 -1
364 426 -1
703 950 -1
611 1704 -1
1170 1921 -1
1852 1080 1
286 1252 -1
940 1006 -1
1833 372 -1
242 1397 -1
407 409 1
1076 1689 -1
1538 1274 1
1913 983 -1
1524 1925 -1
479 833 -1
1958 804 -1
1406 454 -1
394 230 -1
318 909 -1
836 919 1
1704 1300 -1
572 1754 -1
1933 1756 -1
1285 0 -1
1915 618 -1
1495 1844 -1
307 1025 1
1425 1588 -1
1631 201 -1
1168 171 -1
1946 1929 1
87 167 -1
785 1404 -1
1805 400 -1
138 186 1
838 1707 1
513 1974 1
180 1751 1
214 1387 1
318 674 1
978 995 1
857 951 1
1164 1139 1
1663 18 1
1535 1489 1
488 1484 1
198 199 1
1598 1330 1
608 27 1
1239 1172 1
719 760 1
1566 398 1
94 2070 1
1368 568 1
1989 1685 1
245 330 1
331 333 1
958 150 1
665 644 1
1526 490 1
1795 1095 1
1311 516 1
48 944 1
858 2038 1
1620 1940 1
606 1661 1
831 1700 1
149 1736 1
269 293 1
1783 1854 1
430 1250 1
1624 1605 1
1996 12 1
1968 549 1
870 911 1
538 1940 1
588 2002 1
782 805 1
1096 1786 1
