713 888 -1
122 1310 -1
669 662 -1
46 1114 -1
334 188 1
921 434 -1
1095 1208 -1
657 366 -1
802 156 -1
464 24 1
1315 283 1
60 64 -1
1056 355 1
421 819 -1
1431 1022 -1
1430 658 -1
199 1034 -1
865 286 -1
374 324 -1
366 183 1
465 569 -1
383 1397 -1
365 67 1
690 1248 1
337 253 -1
400 627 -1
937 589 -1
990 245 1
581 243 -1
1198 598 -1
37 327 1
589 12 -1
686 325 -1
983 1082 -1
1222 1126 1
1431 1135 -1
278 1144 -1
1067 518 -1
352 726 -1
633 636 1
1224 1037 -1
167 103 -1
163 206 -1
287 943 -1
1461 1372 -1
407 1206 1
749 340 -1
18 547 -1
1185 1254 -1
1347 1138 1
832 971 -1
175 543 -1
790 1010 -1
1357 981 -1
738 1448 -1
1145 12 -1
194 407 -1
194 954 -1
1342 527 -1
1374 1453 -1
425 762 -1
1108 976 -1
724 236 1
309 874 -1
590 377 -1
914 524 -1
1346 305 -1
151 684 -1
665 227 -1
21 380 1
119 529 -1
1123 33 -1
834 236 -1
1311 734 1
713 738 -1
895 593 -1
447 259 -1
853 301 -1
751 1369 -1
185 1437 -1
1386 1002 -1
207 239 1
421 848 -1
1392 881 -1
1348 460 -1
347 1402 -1
653 500 -1
754 258 -1
1371 678 -1
433 42 -1
194 830 -1
1317 1233 1
686 1235 1
360 121 -1
724 1041 -1
780 863 -1
1224 1429 -1
817 982 1
289 352 1
1248 1226 -1
1181 582 -1
838 177 1
700 651 -1
259 1342 -1
51 1320 1
837 850 -1
964 841 -1
514 694 -1
855 67 -1
1049 426 1
1050 970 -1
118 1208 -1
658 156 1
1027 930 1
300 585 -1
299 1434 -1
1162 661 -1
386 107 -1
137 793 -1
1223 663 -1
360 590 1
466 119 -1
133 620 -1
1359 872 1
1250 440 -1
551 70 -1
238 1458 1
222 206 -1
698 130 -1
904 858 -1
829 1445 -1
609 1319 -1
257 222 1
860 340 -1
1351 1106 -1
1186 958 -1
433 1315 -1
1351 577 -1
44 1083 -1
421 1161 1
517 877 -1
1230 299 1
1054 1468 -1
291 1359 -1
226 1124 -1
267 262 -1
1200 1094 -1
82 759 1
1278 159 -1
1451 154 1
1378 754 -1
1166 133 -1
1344 239 -1
251 170 1
330 241 -1
1044 794 -1
925 477 -1
648 53 -1
1166 98 -1
1249 1286 -1
523 1136 1
67 1043 -1
189 139 -1
479 1129 -1
989 585 -1
467 150 -1
647 33 -1
270 1273 -1
689 181 1
1298 773 -1
1292 1380 -1
555 164 1
1001 280 -1
747 496 -1
474 1041 1
772 127 -1
936 893 1
1274 943 1
1256 1247 -1
1162 531 -1
29 1439 -1
1097 1342 -1
1017 1337 -1
988 1290 -1
1112 694 1
685 1419 -1
1041 1433 1
915 1426 -1
506 838 -1
806 279 1
1358 105 -1
988 733 1
376 191 -1
1482 1333 -1
1116 1179 1
557 1353 1
1236 1345 1
223 1236 1
828 1203 1
1318 534 1
584 1148 1
1480 422 1
945 323 1
26 66 1
1233 976 1
173 441 1
1132 583 1
124 1119 1
1056 978 1
533 361 1
28 761 1
223 674 1
815 1475 1
911 1374 1
1099 969 1
22 1459 1
103 543 1
118 581 1
894 540 1
505 228 1
1110 1088 1
1162 700 1
690 888 1
413 440 1
1079 545 1
135 1212 1
754 74 1
880 811 1
860 515 1
985 235 1
43 469 1
1223 1093 1
313 967 1
1201 890 1
1131 179 1
981 962 1
810 913 1
610 1468 1
1192 58 1
91 650 1
1233 1300 1
115 1116 1
1226 1424 1
1235 1090 1
894 1021 1
640 690 1
1321 903 1
443 1429 1
1196 985 1
1451 1151 1
549 239 1
601 641 1
306 374 1
16 245 1
1178 901 1
1463 939 1
1448 460 1
364 334 1
700 878 1
804 1160 1
673 1125 1
188 928 1
190 745 1
997 92 1
1047 212 1
337 146 1
1144 926 1
1008 401 1
140 962 1
218 1195 1
955 927 1
1438 469 1
1015 1174 1
164 406 1
858 992 1
1468 1471 1
104 130 1
377 1099 1
1274 438 1
1038 328 1
489 525 1
1355 1162 1
1215 1230 1
564 45 1
792 272 1
100 1375 1
643 917 1
1172 180 1
12 896 1
355 1008 1
648 212 1
1374 1128 1
139 533 1
646 1397 1
409 341 1
1047 632 1
824 371 1
327 57 1
