937 46 -1
644 123 -1
217 272 -1
678 585 1
263 711 -1
165 733 -1
1165 44 -1
765 947 -1
364 1095 -1
563 823 -1
1468 709 -1
1371 562 -1
229 252 -1
975 223 1
883 423 -1
1112 1438 -1
543 677 1
1365 731 -1
1153 413 -1
1012 469 -1
811 166 -1
1144 1193 -1
472 945 -1
810 498 -1
157 1064 -1
51 102 -1
836 362 -1
1232 491 -1
979 1395 -1
735 1268 -1
1314 1076 -1
545 1448 1
670 1287 -1
407 356 1
815 293 1
1185 841 -1
1308 179 1
342 972 1
842 1046 -1
312 1372 -1
482 316 -1
997 1302 1
1043 224 -1
99 1311 1
419 768 -1
1175 1133 -1
1367 942 -1
819 785 -1
460 880 1
1426 788 -1
309 1307 1
120 583 1
1195 1463 -1
1146 614 -1
872 931 -1
243 1406 -1
540 387 1
635 1433 -1
302 305 -1
417 294 -1
925 891 1
385 980 -1
783 1466 -1
1215 923 -1
779 724 -1
559 1401 -1
787 424 -1
1212 718 -1
636 1192 -1
414 433 -1
490 1326 -1
1037 1183 -1
993 1206 -1
320 127 -1
1085 655 -1
786 608 1
1265 79 -1
14 130 -1
283 1406 -1
1105 334 1
1022 1415 1
632 1473 -1
1059 233 -1
396 1312 -1
998 818 -1
228 272 -1
1215 486 1
712 1435 -1
1086 768 -1
1135 277 -1
1230 940 -1
53 829 1
833 1292 -1
1031 815 1
235 1468 -1
1409 1386 -1
67 868 -1
1080 660 -1
696 1078 -1
587 1435 -1
627 1365 -1
1198 1159 -1
1263 330 -1
191 214 -1
342 704 -1
72 930 -1
1364 942 -1
738 440 1
1449 784 1
1199 739 -1
1108 548 -1
171 350 1
978 1287 -1
481 752 -1
1401 1095 -1
246 1384 -1
1029 1181 1
830 1479 -1
750 1031 -1
890 33 1
1258 1263 1
403 1323 -1
1121 1026 1
121 995 -1
715 136 1
1338 453 -1
483 1067 -1
460 1293 -1
1193 879 -1
858 848 1
1178 421 1
802 1170 -1
1478 463 -1
94 525 -1
1208 899 -1
935 541 -1
345 1397 -1
1114 649 -1
471 747 -1
343 1064 -1
1075 1373 1
884 329 -1
1202 610 -1
1200 1213 -1
55 142 -1
1115 450 -1
285 1144 -1
125 1162 -1
873 1021 -1
493 1229 -1
703 1383 -1
398 145 1
672 992 -1
121 451 1
70 42 -1
405 551 -1
453 1475 1
75 40 -1
928 398 -1
694 1074 -1
737 1462 -1
169 364 -1
1025 1422 -1
946 212 -1
1274 25 -1
699 68 -1
1079 874 1
205 1193 -1
108 787 -1
1034 60 -1
1232 248 -1
647 1228 -1
264 1127 1
967 506 -1
252 774 -1
723 1309 -1
1086 785 -1
1170 930 1
723 1139 1
148 110 -1
544 917 -1
311 749 -1
1348 894 1
522 1112 -1
726 987 -1
1100 732 -1
77 59 1
475 1393 -1
1415 1342 -1
308 859 -1
1474 1311 1
663 135 -1
387 324 -1
1105 719 -1
1462 976 -1
1323 1408 -1
820 192 -1
1057 47 -1
1195 1158 -1
584 749 -1
292 201 -1
1165 1116 -1
946 674 -1
673 933 -1
778 638 -1
932 797 -1
1159 215 -1
322 1146 -1
1438 120 -1
338 700 -1
1200 1444 1
677 1371 -1
104 54 1
355 1026 1
188 1022 1
1097 620 -1
1354 874 -1
447 73 -1
1308 83 -1
1408 151 -1
359 1309 -1
573 558 -1
1095 676 -1
1139 1137 -1
173 769 1
924 1088 -1
1114 134 1
800 430 -1
1091 347 1
1095 952 1
431 1041 1
1070 217 -1
1050 1237 -1
592 354 -1
437 919 -1
336 672 -1
1142 1144 -1
1315 377 1
1468 195 1
84 191 1
1315 853 1
534 1244 1
723 347 1
1276 1098 1
902 93 1
617 581 1
774 1174 1
1305 816 1
1249 3 1
861 564 1
93 1241 1
54 1000 1
795 188 1
724 774 1
1409 1159 1
1083 416 1
586 872 1
356 554 1
1409 1252 1
1441 279 1
556 601 1
1256 1052 1
7 18 1
1450 346 1
313 1350 1
458 669 1
796 595 1
133 343 1
1056 1301 1
256 833 1
1376 924 1
882 412 1
1141 373 1
434 546 1
89 1168 1
15 963 1
153 1281 1
893 1072 1
1055 1088 1
862 1287 1
552 1096 1
879 827 1
1324 104 1
266 1092 1
183 974 1
1093 266 1
368 934 1
104 1309 1
213 426 1
991 23 1
613 1087 1
562 70 1
356 255 1
1412 1409 1
735 1213 1
1026 364 1
1008 1192 1
1215 1136 1
1021 371 1
1244 486 1
1224 960 1
1435 137 1
785 832 1
1249 808 1
1131 557 1
1276 543 1
987 350 1
1032 362 1
17 411 1
1057 977 1
1218 1474 1
284 1034 1
1197 257 1
225 251 1
1079 950 1
926 383 1
1174 826 1
242 200 1
892 910 1
200 713 1
1160 909 1
839 1480 1
581 755 1
464 27 1
976 961 1
1179 869 1
38 610 1
145 268 1
974 591 1
680 111 1
915 1035 1
1053 1007 1
1101 1197 1
1135 571 1
778 1120 1
293 962 1
235 349 1
161 273 1
724 1020 1
130 542 1
91 605 1
1301 849 1
1096 1448 1
1133 682 1
785 1319 1
805 1480 1
1152 783 1
1254 277 1
523 293 1
390 463 1
380 24 1
1012 172 1
1247 681 1
835 417 1
1137 171 1
131 591 1
1348 243 1
230 155 1
751 942 1
1348 54 1
267 394 1
714 536 1
293 1239 1
62 1435 1
943 392 1
8 551 1
1353 1196 1
38 120 1
740 913 1
1219 494 1
1317 187 1
279 766 1
