1425 110 -1
1316 1371 -1
208 872 -1
1472 130 -1
843 785 1
232 615 -1
547 525 -1
1066 954 -1
54 248 -1
1114 545 1
574 225 -1
1275 691 1
1273 1312 -1
526 1019 -1
892 1327 -1
321 695 -1
655 1046 1
1453 941 -1
1446 173 1
1472 1066 -1
1421 627 -1
1293 739 -1
858 166 -1
531 962 -1
1012 175 -1
1344 1437 -1
215 1374 -1
386 205 -1
64 846 1
171 1356 -1
642 407 -1
1211 815 1
970 259 -1
570 678 1
204 1064 -1
916 1435 -1
947 720 -1
252 1187 -1
132 410 -1
745 175 -1
1134 1226 -1
462 406 -1
869 636 1
1273 587 -1
733 1321 -1
684 303 1
1290 306 -1
1087 672 1
1218 352 1
540 1175 1
382 825 1
196 859 1
1162 696 1
257 892 1
498 476 1
762 1024 1
439 760 1
400 982 1
677 883 1
1231 972 1
1130 1381 1
1279 180 1
501 187 1
1302 697 1
239 548 1
449 1193 1
1464 1250 1
1099 1177 1
1035 441 1
694 877 1
490 1122 1
40 363 1
939 1155 1
660 687 1
