875 1019 -1
720 484 -1
32 263 -1
180 627 -1
1413 466 -1
964 780 -1
472 495 -1
832 538 -1
76 678 -1
1002 899 -1
517 1101 -1
1292 27 1
399 1130 -1
1005 62 -1
1080 1199 -1
633 1348 -1
111 435 1
697 48 -1
993 1337 -1
730 978 -1
943 300 -1
460 161 -1
1309 452 -1
906 1027 -1
511 1095 -1
125 582 1
922 903 -1
418 1188 -1
1100 183 -1
1321 1371 -1
1439 1328 -1
179 256 -1
249 1337 -1
451 252 -1
1032 168 -1
689 326 -1
807 359 1
1137 32 1
217 978 -1
570 863 -1
1163 1272 1
61 1357 -1
763 691 -1
439 147 -1
1421 198 -1
611 1348 -1
1145 1361 -1
278 257 -1
565 941 -1
659 1258 1
1354 1024 -1
1029 212 -1
1208 1374 -1
860 1039 1
1072 1020 1
191 229 -1
954 1416 -1
1148 480 -1
1348 872 -1
1349 1374 -1
1223 1288 -1
169 1337 -1
633 655 1
29 908 -1
334 1395 -1
110 609 -1
1088 612 -1
67 546 1
647 899 1
830 557 1
838 1209 -1
132 1480 -1
1070 851 -1
208 112 -1
1463 473 -1
324 902 -1
261 759 -1
599 1119 -1
313 928 1
487 538 -1
147 554 -1
694 501 -1
573 58 1
40 565 -1
210 1167 -1
394 39 -1
1342 1354 -1
616 517 -1
1140 638 1
1372 1028 -1
758 731 1
1133 1210 1
1138 1347 1
333 29 1
392 706 1
878 900 1
1474 854 1
316 665 1
176 303 1
257 435 1
992 366 1
123 920 1
643 940 1
697 968 1
368 299 1
587 758 1
407 525 1
184 135 1
92 735 1
696 263 1
932 987 1
814 613 1
157 696 1
1053 1414 1
836 938 1
335 1109 1
809 1376 1
1105 313 1
160 270 1
32 1019 1
1005 973 1
387 1105 1
99 1015 1
678 1030 1
157 1092 1
1279 381 1
560 165 1
992 434 1
813 862 1
27 215 1
1313 815 1
170 816 1
582 1044 1
1333 366 1
1254 223 1
248 1385 1
807 1160 1
1056 1308 1
992 975 1
1172 736 1
643 1321 1
186 192 1
1080 851 1
786 195 1
1312 367 1
435 1454 1
1133 833 1
1387 941 1
