857 779 -1
839 972 -1
377 1335 -1
943 1187 -1
139 974 -1
1229 451 -1
56 133 -1
264 530 -1
586 931 -1
349 1412 -1
313 1366 -1
1248 120 -1
220 909 -1
1292 865 1
1173 552 -1
884 95 -1
322 1101 -1
22 235 1
695 614 -1
833 1177 -1
1084 1339 1
4 330 -1
819 747 1
58 1376 -1
17 1347 -1
754 1463 -1
1262 565 -1
414 1303 -1
451 348 -1
633 353 -1
213 1049 1
532 611 -1
38 31 1
484 809 -1
412 14 -1
1008 1147 -1
322 38 -1
847 102 1
570 1350 -1
322 1121 -1
183 1428 -1
124 530 -1
849 1310 1
267 708 -1
1119 1137 -1
984 231 -1
953 1440 -1
873 1066 -1
427 476 -1
379 954 -1
1441 13 -1
50 231 -1
1408 235 -1
284 12 1
807 1151 1
1212 1178 -1
1049 705 -1
900 491 -1
512 266 -1
389 1098 1
717 189 -1
472 217 1
1280 81 -1
643 970 -1
881 661 -1
1184 1064 1
38 361 -1
1027 1334 -1
306 1000 1
838 1408 -1
398 1163 1
510 1237 -1
330 158 -1
696 1291 -1
646 924 -1
448 1334 -1
379 201 -1
78 1348 -1
1028 587 -1
1076 477 -1
978 491 -1
719 521 1
935 603 -1
1029 1242 -1
678 874 1
506 922 -1
603 1224 -1
226 144 -1
808 791 -1
1255 910 -1
726 319 1
1382 384 -1
721 103 -1
169 1404 -1
561 660 -1
965 794 -1
430 812 -1
42 785 -1
1049 717 -1
539 1158 1
317 1153 1
544 751 -1
540 1056 1
1096 534 -1
612 1177 -1
470 833 -1
993 271 -1
290 388 -1
873 1158 1
1394 1345 -1
62 494 -1
722 926 -1
1203 736 -1
1356 843 -1
491 1089 -1
640 1376 1
334 1403 -1
1179 782 -1
1336 1358 -1
236 565 -1
1444 1038 -1
715 614 -1
448 528 -1
80 677 -1
765 788 -1
636 1269 -1
984 508 -1
190 91 -1
794 363 -1
591 307 1
669 1278 -1
824 464 1
340 1028 -1
838 311 -1
658 245 1
28 224 -1
1206 1380 -1
68 202 -1
1174 824 1
77 182 -1
786 771 -1
91 173 -1
433 1264 -1
648 284 -1
716 671 -1
1267 914 -1
629 112 -1
381 223 1
806 1104 1
647 1362 -1
148 231 1
1469 558 -1
237 1085 -1
1236 1284 1
489 968 -1
6 1460 1
817 399 -1
1135 566 -1
1244 698 -1
915 389 -1
311 867 -1
803 1078 -1
610 418 -1
1475 1088 1
185 88 -1
1416 789 -1
238 787 -1
935 1251 -1
463 883 -1
491 46 -1
651 922 -1
747 528 -1
282 483 -1
1112 745 -1
1170 790 -1
780 1375 1
1417 515 -1
1327 804 -1
1473 1287 -1
1040 616 -1
1259 970 1
767 980 1
404 685 -1
735 111 -1
910 1478 -1
1209 234 1
1326 1192 1
779 1203 1
63 1029 1
927 411 1
1411 1428 1
661 1209 1
157 680 1
1164 1289 1
703 52 1
811 409 1
1390 449 1
217 36 1
54 1204 1
77 242 1
770 762 1
1165 1139 1
411 1246 1
409 385 1
1315 1088 1
31 859 1
1322 1241 1
844 435 1
577 824 1
896 984 1
936 829 1
737 104 1
1195 1393 1
1018 32 1
1149 681 1
401 1270 1
548 1391 1
1217 736 1
1104 844 1
67 1352 1
1263 20 1
874 258 1
953 1248 1
412 716 1
415 1390 1
1227 987 1
959 956 1
1361 1320 1
1466 1380 1
383 425 1
1349 967 1
456 1348 1
907 375 1
453 1040 1
1094 252 1
616 1045 1
1184 1078 1
1091 662 1
1136 930 1
781 267 1
651 60 1
926 1135 1
583 1470 1
1449 77 1
323 838 1
1224 141 1
1281 130 1
1440 165 1
347 510 1
1235 1063 1
188 1303 1
360 809 1
474 793 1
435 914 1
704 1149 1
1140 1158 1
1066 569 1
1457 1474 1
714 425 1
1362 942 1
1270 1072 1
1083 908 1
467 983 1
27 273 1
1298 142 1
441 434 1
816 1465 1
743 1323 1
1281 453 1
687 1295 1
113 255 1
1281 523 1
933 278 1
410 480 1
1021 1040 1
1081 1040 1
811 142 1
1463 62 1
452 82 1
419 341 1
1230 1081 1
341 1182 1
83 1357 1
1129 264 1
643 419 1
633 451 1
979 173 1
417 657 1
230 258 1
740 555 1
1346 372 1
115 77 1
584 1030 1
994 1259 1
986 173 1
1011 966 1
329 328 1
1478 721 1
