323 968 -1
1252 1309 -1
1062 940 -1
780 303 -1
1273 887 1
1327 485 -1
989 129 1
541 804 -1
147 1239 1
757 402 1
38 1275 -1
1228 740 -1
57 770 1
902 677 1
1481 348 -1
820 587 -1
200 184 -1
809 999 -1
595 514 1
109 737 1
837 673 1
56 1014 1
734 850 -1
1122 1045 -1
1375 1396 -1
797 794 -1
765 818 -1
843 733 -1
736 623 -1
1346 1421 -1
857 786 -1
1198 166 1
894 425 -1
88 30 1
867 1285 -1
796 29 -1
1429 1444 -1
1417 837 -1
1309 774 1
313 683 -1
1413 1261 -1
1252 206 -1
1234 797 -1
1369 1211 -1
1418 675 -1
574 173 1
411 52 1
381 1356 -1
54 926 -1
1285 1016 1
73 456 -1
1245 327 1
409 1064 -1
1344 1299 -1
1227 1245 1
1253 1328 1
817 1023 1
1276 1139 1
860 119 1
70 160 1
382 1349 1
1312 376 1
1082 537 1
371 1167 1
1295 1280 1
1180 986 1
1013 66 1
1031 1011 1
1394 1198 1
1418 954 1
217 786 1
341 907 1
1223 1240 1
1052 284 1
