608 324 -1
565 672 1
1052 1460 -1
989 1034 1
378 231 -1
1363 1189 -1
1043 884 1
1040 1185 -1
95 361 -1
1345 1426 -1
116 741 -1
291 454 -1
487 246 -1
928 369 1
925 850 -1
669 635 1
1230 10 -1
274 755 -1
314 211 -1
1130 260 -1
837 132 -1
1335 1450 -1
1336 462 -1
1051 230 -1
71 1069 1
263 930 -1
1316 1386 -1
418 930 -1
602 571 -1
245 1462 -1
1199 130 -1
1380 597 -1
845 641 -1
507 865 -1
1221 826 -1
645 654 -1
1049 268 -1
480 375 -1
1479 537 -1
308 1466 -1
759 338 -1
312 1184 -1
397 1394 -1
726 214 -1
1310 985 1
457 647 1
476 738 -1
1192 171 1
1199 356 -1
400 53 1
1245 773 -1
981 974 1
867 369 -1
800 1445 -1
410 1268 -1
1369 50 -1
1348 813 -1
1026 455 -1
1229 1309 -1
1362 1076 -1
1239 236 1
640 1035 -1
80 773 -1
952 451 -1
670 527 -1
1192 778 -1
942 750 -1
685 875 1
112 355 -1
261 511 -1
459 502 -1
55 565 -1
666 1091 -1
1347 1332 -1
322 739 -1
856 341 -1
139 1089 -1
898 642 -1
681 236 -1
937 1109 -1
1015 136 -1
540 816 -1
978 235 1
303 1116 -1
585 181 -1
12 772 -1
1315 170 -1
1129 697 -1
917 955 1
973 1253 1
189 384 1
1210 259 1
1100 1362 1
278 1367 1
1063 1217 1
526 206 1
383 1323 1
291 464 1
828 499 1
134 1002 1
441 56 1
1157 681 1
911 904 1
256 412 1
356 955 1
776 341 1
137 683 1
1049 1196 1
956 1229 1
880 843 1
19 1248 1
781 155 1
427 176 1
389 17 1
763 90 1
58 1302 1
1169 1088 1
1152 707 1
764 934 1
289 763 1
1348 1063 1
857 429 1
115 2 1
837 11 1
404 1031 1
408 18 1
1400 1428 1
813 1320 1
1327 770 1
999 1000 1
650 1290 1
608 637 1
523 849 1
1007 369 1
303 357 1
1126 833 1
949 1447 1
108 671 1
878 1197 1
1424 1033 1
1029 1463 1
997 1258 1
997 56 1
906 1248 1
76 582 1
585 950 1
62 178 1
1121 562 1
