676 990 -1
609 308 -1
1355 828 1
1042 654 -1
791 730 -1
841 427 1
143 904 1
1363 155 -1
496 171 -1
141 97 -1
1109 367 -1
444 610 -1
1152 558 -1
1062 661 -1
23 599 -1
505 688 -1
756 137 -1
285 1407 1
598 907 -1
440 755 -1
489 9 -1
98 634 -1
188 967 1
488 636 -1
830 1007 1
1285 705 -1
1280 460 -1
860 520 1
332 166 1
530 944 -1
170 527 -1
593 310 -1
266 957 1
334 893 1
529 1199 -1
651 1073 -1
134 1298 1
60 944 -1
1367 979 1
1018 10 -1
1069 1480 -1
1214 1092 -1
828 1479 -1
1317 1013 1
1334 1255 -1
462 116 1
60 1020 -1
201 550 1
819 298 -1
45 1072 -1
1029 570 1
437 991 -1
1114 710 -1
774 885 -1
303 217 -1
1098 1200 -1
399 186 -1
642 1202 -1
834 1170 -1
86 163 -1
647 1388 -1
1385 642 -1
430 65 1
1472 300 -1
436 1425 1
241 825 -1
764 301 -1
35 644 -1
791 1476 -1
265 394 -1
296 1168 -1
323 202 -1
922 195 -1
250 1322 -1
1001 904 -1
773 939 -1
1117 994 1
1372 914 -1
597 1182 1
537 959 1
709 238 -1
909 430 -1
374 1413 -1
1192 1204 1
907 191 -1
965 907 -1
1221 1164 1
1163 3 1
894 797 -1
977 1060 -1
535 1016 -1
933 873 -1
1371 1069 -1
108 619 -1
223 1017 1
474 283 -1
576 636 -1
704 241 -1
816 1357 -1
352 492 -1
764 691 -1
746 584 -1
598 1081 -1
382 974 1
504 1239 1
690 385 1
998 1026 1
467 484 -1
1312 1031 -1
962 870 -1
1079 523 -1
846 136 -1
1221 82 -1
190 1092 -1
316 704 -1
1263 916 1
1109 1125 1
599 68 -1
616 915 -1
666 1140 -1
497 793 1
815 1409 -1
1313 427 -1
1344 599 -1
1210 1308 -1
569 706 -1
343 619 -1
1282 502 -1
493 368 -1
908 671 -1
282 433 -1
47 675 -1
45 1050 -1
730 371 -1
1479 1249 -1
380 1045 -1
1133 79 -1
93 1474 -1
955 1130 -1
1460 217 1
665 842 -1
1426 1377 1
1064 507 1
550 389 -1
329 882 -1
1041 1444 -1
266 632 -1
69 494 -1
184 594 -1
994 691 -1
1226 954 -1
732 725 -1
861 1031 -1
322 1129 -1
1282 923 -1
1247 330 -1
667 1118 -1
1403 1011 -1
1375 997 -1
530 786 1
468 478 -1
278 505 -1
558 956 -1
267 210 -1
954 81 -1
305 288 -1
202 982 -1
1175 813 -1
1057 60 -1
1073 336 1
422 81 -1
362 181 1
1235 905 -1
833 35 -1
1338 894 -1
320 68 -1
1404 418 -1
1030 897 -1
1277 1356 -1
1393 546 -1
1187 51 1
1349 196 -1
797 240 -1
970 1459 1
656 669 -1
654 157 -1
1360 45 -1
107 752 -1
1440 397 -1
243 1283 1
1035 426 1
1378 967 1
297 992 1
262 151 1
923 700 1
1422 537 1
1175 366 1
549 80 1
777 1142 1
347 251 1
1300 130 1
930 658 1
843 1203 1
1165 114 1
1128 141 1
714 947 1
60 200 1
984 1138 1
1121 762 1
1368 223 1
226 1271 1
847 500 1
892 644 1
238 610 1
702 465 1
1049 270 1
531 443 1
642 1115 1
989 379 1
700 688 1
737 1459 1
545 1092 1
1243 64 1
700 61 1
144 1054 1
686 929 1
690 148 1
596 550 1
468 1424 1
1129 1092 1
106 1216 1
565 159 1
95 1288 1
215 311 1
165 1077 1
316 95 1
335 279 1
912 251 1
887 723 1
60 1045 1
252 502 1
79 265 1
951 268 1
655 565 1
968 724 1
1384 682 1
959 1189 1
856 1349 1
827 271 1
1253 1286 1
1203 1463 1
586 1376 1
154 420 1
113 701 1
577 16 1
683 1133 1
1171 829 1
1300 147 1
992 262 1
1324 849 1
1291 922 1
1348 1368 1
1478 362 1
381 829 1
1260 1346 1
189 1283 1
561 287 1
1378 188 1
1028 398 1
951 1104 1
832 680 1
1241 126 1
802 1433 1
255 341 1
366 986 1
533 7 1
452 784 1
1245 1311 1
99 666 1
158 409 1
938 940 1
173 1259 1
392 143 1
656 741 1
1235 1234 1
416 1203 1
297 58 1
1446 338 1
1321 112 1
1017 1218 1
722 1294 1
689 1257 1
1347 974 1
70 896 1
1270 1282 1
1385 531 1
891 227 1
50 893 1
