763 728 -1
738 1461 -1
1044 201 1
319 361 -1
203 986 -1
1364 1 -1
1353 461 -1
322 1444 -1
661 226 -1
592 1121 -1
479 615 1
535 193 -1
586 105 -1
1228 1163 -1
740 1274 1
149 1191 -1
558 907 -1
797 412 -1
437 1396 -1
1453 1414 -1
979 164 -1
153 1213 1
717 133 1
597 137 1
1261 43 -1
1107 411 -1
1457 1302 1
1027 506 -1
1425 498 -1
140 170 -1
534 1118 1
829 514 -1
188 611 -1
134 65 -1
1128 1390 -1
111 309 -1
1004 258 -1
1140 1378 -1
1212 1228 -1
711 3 -1
847 780 -1
11 609 -1
569 486 -1
12 455 -1
1375 1427 1
409 1271 1
1177 1370 -1
651 459 1
712 672 1
139 1152 1
736 366 1
31 629 1
432 217 1
340 280 1
161 1244 1
337 171 1
113 953 1
149 1162 1
1286 94 1
833 1359 1
1220 707 1
535 1028 1
1444 77 1
1111 802 1
551 459 1
724 573 1
53 336 1
426 336 1
1465 1271 1
185 1035 1
313 1167 1
1314 1244 1
64 894 1
590 256 1
