1383 800 -1
431 692 -1
1330 116 -1
425 1221 1
300 146 -1
437 756 -1
34 752 -1
213 614 -1
1244 808 -1
1335 1103 -1
823 58 1
1235 782 -1
1173 403 1
1381 46 -1
492 152 -1
464 7 -1
120 1013 -1
643 313 -1
1130 614 -1
77 1335 -1
1359 969 -1
1232 607 -1
99 510 -1
394 152 1
1039 1325 -1
1102 589 -1
1237 816 -1
917 974 -1
314 209 -1
758 1098 -1
598 396 -1
3 835 1
1086 1088 -1
36 1413 -1
1290 596 1
1275 783 1
1304 1265 -1
1234 1029 -1
256 1174 -1
379 829 1
566 1331 -1
1449 1430 -1
681 1409 1
1478 971 1
24 682 -1
198 743 -1
365 324 -1
1482 98 -1
255 545 1
140 393 -1
246 961 -1
44 733 -1
827 469 -1
400 422 -1
1114 702 1
903 1050 -1
308 1082 -1
1041 467 -1
904 98 -1
896 454 -1
355 563 -1
60 1215 -1
540 500 1
558 378 -1
192 751 -1
1276 1244 -1
923 319 -1
954 359 1
927 1175 -1
1375 149 -1
794 992 -1
472 554 -1
261 1380 -1
635 710 1
92 1066 -1
1357 335 -1
499 1067 -1
654 825 1
426 253 -1
905 877 -1
1240 1155 1
425 121 -1
1013 963 1
676 1463 -1
18 1149 1
777 985 -1
139 1249 1
517 720 -1
862 755 -1
92 639 -1
694 327 -1
1432 504 -1
508 425 -1
689 535 -1
740 111 1
134 1127 1
279 743 1
28 604 1
1132 650 1
995 983 1
61 93 1
1093 394 1
690 800 1
1027 182 1
360 389 1
30 1306 1
741 113 1
243 1000 1
1203 639 1
1287 249 1
902 33 1
700 723 1
1274 341 1
817 309 1
755 601 1
540 261 1
1206 1241 1
1232 362 1
910 257 1
27 976 1
895 841 1
1477 975 1
158 163 1
62 345 1
800 1323 1
232 1106 1
998 1006 1
155 1129 1
898 93 1
1002 502 1
137 1159 1
83 493 1
525 900 1
484 792 1
1227 826 1
1113 18 1
509 54 1
329 795 1
883 373 1
657 502 1
635 472 1
271 717 1
1239 1269 1
823 1233 1
529 900 1
817 1212 1
986 291 1
368 26 1
