1288 1386 -1
1436 914 -1
647 1424 -1
1337 1040 -1
772 1077 -1
629 1306 -1
1083 1108 -1
273 415 -1
355 828 -1
844 1209 -1
671 462 -1
795 990 1
1340 703 -1
274 1338 -1
305 1193 -1
667 382 -1
185 359 -1
682 1468 -1
59 625 1
31 1296 -1
349 883 -1
1319 473 -1
1299 1013 -1
940 1361 -1
678 1161 1
1209 489 -1
10 182 -1
172 797 -1
337 683 -1
1193 287 -1
826 90 1
1372 1010 -1
558 864 -1
649 269 -1
770 775 -1
1257 1050 -1
1261 650 -1
1058 1250 -1
80 761 1
872 890 1
1271 1238 -1
1125 61 1
263 123 -1
1105 1194 1
1397 1352 -1
1409 1009 -1
1124 769 1
973 422 -1
676 214 -1
25 443 -1
547 527 -1
882 916 -1
1014 1058 -1
275 982 -1
592 634 -1
5 25 -1
165 353 -1
1215 472 -1
957 1204 -1
1070 265 -1
951 469 -1
716 683 1
818 86 -1
963 1099 1
504 614 -1
690 396 -1
1089 96 -1
549 1436 -1
934 32 1
401 971 1
395 536 1
1108 549 -1
200 1321 -1
1321 1329 -1
809 436 1
123 1472 -1
249 1106 1
899 417 -1
529 156 -1
1136 548 -1
287 1322 -1
314 1200 -1
823 670 -1
1166 1181 -1
986 968 1
10 745 -1
1352 566 -1
1191 114 -1
213 930 1
768 1175 1
715 1343 -1
276 733 -1
1190 300 1
644 780 -1
666 604 -1
132 228 -1
957 971 -1
346 47 -1
939 54 -1
764 467 1
462 187 -1
815 557 1
1266 985 1
394 1332 -1
23 1015 1
969 333 -1
1385 1436 -1
958 433 -1
708 835 -1
595 46 1
734 1427 -1
981 721 1
446 755 -1
669 567 -1
775 1252 -1
181 993 1
184 428 -1
470 326 -1
638 561 -1
899 1253 -1
1221 1142 -1
1170 809 -1
695 305 -1
1444 828 -1
15 689 1
230 1232 -1
1264 1233 1
1133 954 1
1331 317 -1
56 1405 -1
1206 504 -1
534 762 1
234 786 -1
1328 660 1
1380 448 1
836 63 1
234 172 -1
1303 903 -1
849 309 1
963 591 1
773 452 -1
1220 1049 -1
572 1071 -1
1197 751 1
1247 584 1
800 67 -1
1143 293 -1
1237 53 1
598 0 1
861 897 -1
888 935 -1
1034 247 -1
673 229 -1
735 68 1
238 1121 -1
825 482 -1
917 891 1
41 1340 -1
204 93 -1
269 137 -1
53 588 -1
236 498 -1
469 840 -1
1021 590 -1
1045 1000 -1
1374 1198 -1
84 865 -1
1144 1365 -1
1286 440 1
725 1043 -1
1297 430 1
77 91 1
550 148 -1
501 869 -1
1371 405 -1
377 1183 -1
615 628 1
169 458 -1
1041 1265 -1
391 869 -1
1132 693 -1
1273 546 -1
936 1147 -1
910 194 -1
834 338 -1
157 1463 1
1061 611 -1
1243 673 -1
1140 1012 -1
718 432 1
142 1133 1
458 651 1
1238 763 1
860 471 1
434 1038 1
622 556 1
670 938 -1
316 761 -1
79 191 1
1190 393 -1
749 1106 -1
822 1061 1
900 370 -1
1435 1408 -1
716 483 -1
535 1289 1
1055 131 1
15 381 1
434 774 1
1270 20 1
372 1018 1
1237 1121 1
628 609 1
1015 278 1
53 848 1
581 390 1
1206 128 1
224 523 1
972 1254 1
226 1221 1
184 189 1
815 1316 1
427 662 1
893 68 1
1024 674 1
599 718 1
1105 1090 1
372 767 1
550 648 1
455 515 1
1020 573 1
682 783 1
81 1332 1
841 835 1
1168 151 1
1108 476 1
1333 1253 1
671 365 1
89 965 1
1470 200 1
42 1058 1
405 1435 1
935 1173 1
915 261 1
1130 445 1
1355 395 1
534 1258 1
1213 1286 1
226 834 1
90 996 1
118 77 1
749 1351 1
833 1157 1
429 572 1
1210 645 1
625 619 1
61 134 1
566 556 1
631 1199 1
976 967 1
724 351 1
1282 1234 1
1156 1321 1
384 1215 1
1077 480 1
478 953 1
427 1043 1
116 633 1
55 354 1
246 78 1
14 38 1
1316 591 1
31 205 1
1095 177 1
623 1132 1
1034 936 1
702 716 1
193 588 1
52 879 1
1326 768 1
264 831 1
1300 932 1
311 931 1
82 462 1
303 519 1
678 525 1
875 873 1
1400 1431 1
854 524 1
157 805 1
471 753 1
956 807 1
1216 729 1
899 582 1
585 1359 1
277 1174 1
230 1271 1
279 836 1
