1319 881 1
339 1467 -1
565 457 1
1315 1208 -1
1033 854 -1
1117 487 -1
814 458 1
1424 693 -1
801 108 -1
1405 982 -1
1281 1056 1
865 1177 1
160 1110 1
435 869 -1
1300 131 1
249 1202 1
461 235 -1
1399 301 -1
32 12 1
568 640 -1
674 189 1
197 1196 -1
306 1326 1
735 986 1
779 178 1
926 3 1
21 166 -1
940 1080 1
612 990 -1
215 901 -1
1300 975 1
866 349 -1
526 854 -1
1405 957 -1
245 230 -1
409 300 -1
935 701 -1
101 848 -1
120 1096 -1
1340 1274 -1
1359 284 -1
202 281 -1
137 466 1
419 1146 1
607 140 -1
637 1186 -1
230 1172 -1
677 1184 -1
339 526 -1
495 364 -1
463 256 -1
290 1398 -1
359 483 -1
1020 726 -1
178 928 -1
504 1059 1
356 882 1
485 474 1
1208 1143 1
813 1371 1
1441 435 1
1421 798 1
193 520 1
210 633 1
1179 520 1
438 878 1
1189 951 1
580 305 1
1463 707 1
847 66 1
1165 178 1
1054 1040 1
155 914 1
235 379 1
