601 125 1
1003 1216 -1
541 48 -1
1104 370 -1
125 555 -1
270 943 -1
119 1133 -1
134 882 1
871 1194 -1
1427 1205 -1
1476 295 -1
1401 364 -1
1431 1152 -1
85 544 1
1155 10 1
1202 819 -1
1181 81 -1
1190 574 -1
124 819 -1
343 301 -1
196 175 -1
589 26 -1
947 398 1
1373 984 -1
616 1242 -1
1384 635 -1
42 373 -1
1022 345 -1
394 1122 1
241 802 -1
1232 1416 -1
263 789 -1
1149 819 -1
1081 838 -1
126 559 -1
843 1394 -1
1033 872 -1
28 653 1
1332 542 -1
808 703 1
736 595 -1
1391 152 -1
548 418 -1
611 1287 -1
1153 801 -1
1445 1429 1
1044 1050 -1
246 822 -1
472 922 -1
650 931 -1
921 832 1
809 841 1
1172 581 -1
32 244 1
1390 1349 -1
1172 136 -1
436 1403 -1
1 1463 -1
1003 1456 -1
943 1147 1
1444 286 -1
378 1004 -1
1021 364 1
1170 403 1
1296 763 1
342 721 1
1463 465 1
147 60 -1
1018 807 -1
363 1456 -1
1252 280 -1
376 167 1
1298 757 -1
661 1419 -1
476 496 -1
595 507 -1
1185 398 -1
1367 552 -1
315 1318 -1
231 392 1
638 1478 -1
735 387 1
616 1447 -1
1320 1300 -1
244 461 -1
252 923 1
1111 452 -1
884 958 1
198 1447 -1
38 1371 -1
1161 727 -1
438 585 1
168 957 -1
28 530 1
1249 941 1
443 799 1
290 268 -1
750 169 -1
131 970 1
169 303 -1
1249 998 -1
364 568 -1
855 1108 1
172 297 1
671 795 1
361 395 1
551 1332 1
424 1423 1
760 731 1
297 1227 1
630 1046 1
1110 1038 1
967 1062 1
604 246 1
1140 1181 1
834 811 1
943 487 1
1244 1032 1
956 700 1
1003 418 1
1325 872 1
850 550 1
670 1087 1
1325 1248 1
138 845 1
833 317 1
575 564 1
1302 1213 1
688 62 1
659 1367 1
324 801 1
638 1246 1
1011 1264 1
428 920 1
1138 825 1
85 793 1
1468 121 1
807 359 1
660 1090 1
310 1263 1
1302 1297 1
1243 774 1
1348 278 1
310 1483 1
1096 1083 1
980 321 1
715 249 1
1112 1272 1
