462 241 1
497 615 -1
1392 527 1
1122 759 -1
185 582 -1
293 863 1
1070 463 -1
158 477 -1
980 312 1
361 384 -1
164 899 -1
1108 583 -1
1037 1288 -1
1164 1048 -1
456 28 -1
1368 222 -1
114 115 -1
414 835 -1
327 341 -1
1293 166 -1
414 946 -1
1309 922 1
682 275 1
287 304 -1
537 1024 -1
1425 1452 1
1223 1332 -1
1048 667 -1
1205 1464 -1
1471 324 -1
605 711 1
732 735 -1
1201 1173 -1
1011 1269 1
733 969 1
586 524 -1
918 464 -1
607 526 1
541 1472 -1
342 1315 1
778 653 -1
236 949 -1
580 1261 -1
953 189 -1
893 1129 -1
880 392 1
337 1139 -1
917 180 -1
1404 574 -1
98 9 -1
729 773 -1
764 214 1
251 293 -1
1039 11 -1
1019 75 -1
680 1082 1
378 1407 -1
70 837 -1
992 326 -1
1427 558 -1
1400 1373 -1
1139 995 -1
618 654 -1
1364 652 -1
357 1094 1
965 688 -1
553 447 -1
1097 54 -1
1423 877 -1
1268 574 -1
977 212 -1
75 1103 -1
996 341 -1
664 875 -1
439 1087 1
402 180 -1
730 108 -1
1257 343 -1
395 1014 -1
1469 856 -1
1250 1084 -1
813 1419 1
417 1409 1
90 378 -1
1270 1257 1
584 500 -1
693 1339 -1
542 499 -1
44 804 -1
1362 1010 -1
30 1321 1
646 659 -1
430 1470 -1
235 472 -1
1142 1433 -1
527 874 -1
829 984 1
265 1083 -1
0 397 -1
1449 221 -1
142 143 1
430 380 1
359 682 1
1372 770 -1
1227 536 -1
1442 492 -1
435 1463 1
715 696 -1
1274 246 -1
600 862 -1
215 846 1
877 1200 -1
944 1052 -1
954 1130 -1
2 1126 -1
1365 968 -1
726 556 -1
1328 905 -1
1118 1290 -1
268 1009 -1
317 552 1
401 474 -1
1095 514 -1
872 691 1
1267 110 -1
1025 901 -1
1369 817 -1
1362 337 -1
1138 674 1
1074 1470 -1
1064 971 -1
507 281 -1
1196 411 -1
598 1396 -1
1189 956 1
746 373 -1
841 676 -1
1325 1328 -1
515 143 -1
1272 1154 1
61 537 1
247 1068 -1
918 850 1
820 447 -1
1289 945 1
505 1459 -1
236 217 -1
1298 185 -1
1053 585 -1
1001 381 -1
135 1176 1
1082 605 -1
289 408 -1
1289 1308 -1
168 1312 1
1439 702 -1
1371 582 -1
615 517 -1
812 508 -1
471 946 -1
105 1103 -1
482 394 -1
152 603 -1
1426 1428 1
112 218 -1
112 1124 -1
1373 164 -1
317 1358 -1
546 313 1
1398 1055 -1
1011 879 -1
1175 1313 1
519 214 -1
965 333 -1
279 904 1
496 1250 -1
425 699 1
821 1367 1
1281 985 1
406 46 -1
200 1363 -1
1236 916 1
227 507 -1
806 46 -1
1307 341 -1
774 198 -1
32 1050 -1
689 752 -1
715 924 -1
1186 82 -1
309 21 1
631 1281 -1
524 751 -1
1099 850 -1
561 589 -1
948 1094 1
639 45 1
430 961 1
854 160 1
689 984 1
384 864 1
1201 903 1
111 1139 1
1264 987 1
699 1160 1
885 177 1
1352 768 1
529 1362 1
890 1114 1
963 1024 1
3 170 1
1280 1282 1
968 135 1
454 679 1
128 1095 1
844 1448 1
317 949 1
915 854 1
106 299 1
1415 937 1
1174 894 1
1019 1009 1
1238 1378 1
1311 916 1
1165 898 1
827 1441 1
1352 379 1
895 809 1
829 1232 1
523 161 1
357 475 1
705 942 1
1447 18 1
7 1452 1
375 529 1
453 5 1
309 966 1
718 205 1
982 501 1
691 114 1
53 187 1
970 848 1
121 549 1
994 224 1
843 576 1
87 773 1
1096 1135 1
734 1054 1
478 957 1
509 90 1
890 898 1
1460 1 1
64 334 1
477 1089 1
1059 1467 1
610 209 1
891 1246 1
1271 359 1
135 307 1
345 347 1
157 257 1
988 1072 1
2 195 1
571 1156 1
1183 442 1
1355 383 1
769 1245 1
1455 956 1
307 1027 1
645 776 1
238 76 1
1366 684 1
969 65 1
401 1284 1
830 312 1
1148 1150 1
701 644 1
478 943 1
1248 45 1
840 667 1
540 179 1
19 908 1
377 309 1
1131 186 1
435 1250 1
1021 380 1
942 903 1
1252 691 1
1454 3 1
1168 308 1
474 1431 1
529 112 1
1082 584 1
1085 1358 1
960 805 1
71 182 1
947 874 1
176 673 1
