1345 652 -1
1096 388 -1
448 23 -1
1390 701 -1
224 544 -1
850 554 -1
1162 39 -1
449 1310 -1
1182 879 1
1068 1313 -1
1268 0 -1
947 112 1
288 1016 -1
591 674 1
1447 645 1
1093 261 -1
327 953 -1
970 383 -1
1112 649 -1
826 232 -1
963 515 -1
496 245 -1
236 1029 -1
1423 807 -1
372 1429 -1
1206 1337 -1
152 367 -1
1008 881 -1
875 1217 -1
309 116 -1
1062 444 -1
336 972 1
914 440 -1
11 1150 1
744 1174 -1
1483 1255 1
200 951 -1
787 527 -1
130 1446 1
125 276 -1
915 1449 -1
643 374 -1
1366 1296 -1
659 157 -1
1476 248 -1
1173 994 1
349 1021 1
1475 1308 1
236 1467 1
552 357 1
53 769 1
895 1248 1
119 1468 1
1189 1224 1
1469 859 1
580 775 1
884 255 1
467 102 1
273 1031 1
806 1384 1
360 1223 1
267 61 1
1281 1349 1
961 1270 1
1199 1 1
49 1119 1
142 809 1
871 566 1
833 149 1
1090 1307 1
990 897 1
1115 784 1
674 1015 1
975 1035 1
