370 976 1
258 479 -1
995 449 -1
851 340 -1
523 607 -1
1408 1137 -1
411 1449 -1
698 1110 -1
420 750 -1
206 1345 -1
978 510 -1
479 1231 -1
229 694 -1
1238 748 -1
1357 109 -1
1452 1082 1
780 1237 -1
203 428 1
1257 262 1
1142 797 -1
806 1086 -1
921 707 1
132 367 -1
1058 816 -1
261 785 -1
538 695 -1
327 841 -1
1282 452 -1
28 1443 -1
1424 991 -1
134 647 -1
1128 1414 -1
402 632 1
890 1020 -1
672 1258 -1
1391 598 1
1040 1177 1
1180 262 1
571 992 -1
442 794 -1
661 382 -1
1206 1054 -1
730 42 -1
788 916 -1
337 523 1
498 1165 -1
635 1109 -1
218 575 -1
42 1335 -1
1193 11 -1
298 793 -1
708 478 -1
1429 663 -1
1466 1118 -1
549 408 -1
1137 1437 -1
1292 1139 -1
1088 200 -1
1352 636 -1
249 53 -1
1101 1143 -1
278 22 1
1053 225 -1
1384 1232 -1
1319 396 -1
237 262 1
129 1007 1
274 866 -1
653 550 1
1004 842 -1
1070 238 -1
1257 419 -1
1144 131 -1
917 124 -1
410 81 -1
573 486 1
957 1307 -1
722 959 -1
974 750 -1
1202 1071 -1
1284 492 -1
228 496 -1
989 284 1
898 499 1
1250 789 -1
714 972 -1
993 644 -1
89 1072 1
920 577 -1
985 299 1
240 192 -1
459 963 -1
1040 305 -1
64 674 1
205 752 1
1254 1227 1
1206 1409 1
887 88 1
252 700 1
1325 836 1
967 821 1
49 569 1
501 1474 1
585 1083 1
981 893 1
957 358 1
77 117 1
1220 714 1
359 407 1
596 621 1
459 515 1
836 1223 1
673 137 1
993 1110 1
284 1457 1
1281 660 1
23 173 1
62 537 1
956 706 1
380 1171 1
737 826 1
1256 456 1
828 890 1
223 188 1
271 264 1
365 382 1
396 102 1
849 387 1
1159 751 1
364 441 1
1254 109 1
349 9 1
451 97 1
9 765 1
1113 279 1
1350 224 1
932 1473 1
441 368 1
978 1292 1
843 1246 1
1419 1438 1
360 694 1
350 351 1
1003 644 1
327 464 1
959 1465 1
800 951 1
830 1314 1
