996 357 -1
586 1031 -1
1149 651 -1
1483 884 -1
1197 685 1
216 1182 -1
904 1079 1
1069 1437 -1
1401 796 -1
449 1173 -1
1310 520 -1
1401 226 -1
545 1087 -1
56 686 1
870 828 -1
787 336 -1
527 902 -1
1211 153 1
50 884 -1
560 528 -1
465 1401 -1
140 1098 -1
1425 1353 -1
745 1278 -1
830 690 -1
1064 844 -1
528 275 -1
355 429 1
527 1423 -1
1391 1114 -1
607 1446 -1
1271 960 1
1465 463 -1
697 76 -1
415 1194 -1
876 1315 -1
1237 611 -1
1438 625 -1
327 104 1
637 60 1
613 1196 -1
875 26 -1
932 674 1
297 406 -1
643 15 -1
282 236 1
883 1189 1
106 1078 -1
970 924 -1
200 449 -1
410 1301 -1
25 370 -1
1091 1228 -1
165 453 -1
774 362 1
136 435 -1
799 1106 1
680 63 1
1400 1435 -1
314 1138 -1
137 97 -1
817 793 -1
500 1064 -1
785 1238 -1
478 1292 -1
1160 166 -1
627 905 -1
911 62 1
1036 220 -1
909 749 -1
1230 335 -1
1422 1264 -1
951 993 -1
539 779 1
1141 437 1
1232 582 -1
1213 1440 -1
106 185 1
302 193 -1
336 1068 -1
101 882 -1
1170 546 1
413 251 -1
795 587 -1
60 381 -1
1029 408 1
1409 409 1
568 1182 -1
241 436 -1
697 903 -1
712 55 -1
1136 79 -1
115 59 1
574 299 1
1479 40 1
1453 1288 1
1383 1369 -1
488 1007 -1
1058 146 -1
725 836 -1
628 492 -1
302 633 -1
1438 681 -1
1227 863 1
1305 1456 -1
545 1041 -1
254 1315 -1
301 346 -1
1480 855 -1
345 841 1
540 583 -1
480 1372 -1
1463 174 -1
696 971 -1
1019 504 1
227 253 1
930 970 1
171 1098 -1
570 1204 -1
929 931 1
810 1309 -1
1430 511 -1
328 495 -1
286 1332 -1
389 1092 1
793 1209 -1
888 1148 1
1136 1128 -1
405 1205 -1
358 739 -1
1440 1337 -1
132 671 1
806 1346 -1
1409 507 -1
295 1166 1
1355 872 1
778 935 -1
316 504 -1
1154 1182 1
1276 79 -1
1473 849 1
480 135 -1
279 409 1
950 1283 -1
689 1157 -1
326 347 -1
1454 1457 -1
1237 224 1
876 1411 -1
978 657 -1
358 1221 1
265 111 -1
189 356 -1
976 1138 1
117 17 -1
1009 797 -1
1023 1073 1
700 1204 -1
1049 412 -1
254 1302 -1
481 817 -1
857 583 -1
1426 701 -1
111 477 -1
1335 1147 -1
1003 1393 -1
523 885 -1
1463 590 1
1357 64 -1
249 375 -1
504 939 -1
1101 459 -1
142 351 -1
724 451 -1
517 1388 -1
1056 489 -1
788 1023 -1
298 1205 -1
1325 633 -1
1004 825 -1
1004 134 -1
885 1175 -1
977 167 -1
773 890 -1
569 1238 -1
1373 77 1
1416 451 -1
637 122 1
754 232 -1
92 762 1
872 293 -1
301 505 1
958 1455 1
112 1047 -1
1361 256 -1
103 635 -1
1464 1150 1
622 911 -1
986 686 1
701 641 -1
1464 911 1
1053 186 1
628 587 1
1310 1286 1
271 274 1
136 1375 1
122 72 1
259 643 1
763 371 1
113 837 1
865 1415 1
382 1012 1
407 571 1
84 610 1
1326 1259 1
89 184 1
707 917 1
895 911 1
478 838 1
808 271 1
1249 343 1
1233 1294 1
525 902 1
1477 1238 1
386 487 1
658 182 1
1179 563 1
942 564 1
154 883 1
73 241 1
586 88 1
442 340 1
4 636 1
1262 689 1
1011 897 1
1103 535 1
546 937 1
1472 1094 1
1300 464 1
173 764 1
361 1096 1
992 1212 1
695 268 1
1050 1386 1
359 1135 1
62 395 1
679 60 1
977 1244 1
1246 1113 1
909 1133 1
93 263 1
352 70 1
961 1211 1
1087 120 1
829 270 1
1163 667 1
1371 332 1
412 1223 1
535 385 1
391 104 1
156 1167 1
145 1181 1
1291 1204 1
810 927 1
1455 33 1
366 666 1
403 1242 1
826 540 1
235 1313 1
436 1464 1
33 800 1
962 916 1
851 260 1
1213 153 1
1327 297 1
1090 697 1
646 583 1
409 103 1
1204 1296 1
543 275 1
510 1154 1
366 434 1
635 200 1
303 1134 1
1217 1326 1
1353 215 1
927 913 1
985 189 1
1091 170 1
395 231 1
863 261 1
570 1448 1
465 1095 1
554 886 1
768 146 1
703 1323 1
135 362 1
884 360 1
