262 323 -1
847 316 -1
1189 34 -1
1288 412 -1
1343 136 -1
361 870 -1
163 431 -1
1232 346 -1
138 1234 1
1169 187 1
57 134 -1
806 1191 -1
538 494 -1
371 1274 -1
264 169 -1
349 618 -1
312 409 -1
652 1334 -1
569 976 -1
860 868 1
1041 875 -1
1121 941 -1
677 676 -1
157 1400 -1
100 5 -1
266 731 -1
62 797 -1
16 1114 -1
222 683 1
796 1329 -1
1336 923 -1
357 1195 -1
1168 281 -1
85 831 -1
705 742 -1
885 503 -1
340 1482 -1
912 101 -1
511 1198 -1
1382 817 -1
532 1275 -1
226 723 1
270 338 1
926 766 1
1377 1398 1
303 1103 1
1074 1238 1
161 1253 1
1089 708 1
837 884 1
237 1318 1
571 828 1
1253 829 1
37 971 1
553 958 1
1146 875 1
153 261 1
274 553 1
1474 1294 1
616 13 1
829 331 1
1142 1143 1
1003 667 1
142 1275 1
501 983 1
370 1280 1
1285 160 1
1372 122 1
934 58 1
945 361 1
1296 307 1
925 1249 1
518 1341 1
1146 113 1
