80 1147 -1
266 860 -1
364 1255 1
1471 1221 -1
14 44 -1
1240 1252 1
1223 685 1
1259 385 -1
1075 225 -1
64 3 -1
265 1028 -1
499 200 -1
612 862 -1
150 306 -1
415 842 -1
173 1333 1
1395 1285 -1
327 80 -1
943 1111 -1
55 1418 -1
658 1469 -1
640 1181 1
1221 1340 -1
1293 237 1
1351 601 -1
263 1098 1
1165 1181 1
228 1471 -1
85 813 1
1128 868 -1
808 207 -1
360 184 -1
1091 448 -1
1348 1038 1
1122 649 -1
231 1140 1
756 1070 -1
1422 1346 -1
1185 155 -1
877 72 -1
758 318 -1
1346 635 -1
1245 1028 -1
667 1112 1
1345 180 1
1361 1476 -1
667 345 1
490 1140 1
818 1481 -1
1270 1018 1
386 263 1
937 680 -1
852 383 -1
510 650 -1
104 400 1
1462 498 -1
971 589 -1
1120 454 -1
1223 341 1
671 368 1
505 1155 -1
718 826 -1
655 1059 -1
1118 1442 -1
682 814 -1
1186 112 -1
259 622 -1
254 1186 -1
1072 425 -1
83 646 1
961 315 -1
57 1152 -1
61 1196 -1
181 284 1
1268 75 -1
99 57 1
1384 1213 -1
189 1019 1
541 143 -1
1153 77 -1
1427 1374 -1
1283 870 -1
741 377 -1
910 1253 -1
1438 918 -1
618 757 1
536 1320 -1
1137 369 1
969 980 1
572 349 1
1400 849 -1
841 752 -1
803 698 -1
559 498 -1
929 967 1
378 1256 -1
679 889 -1
305 203 -1
818 1061 -1
819 1210 -1
730 68 -1
735 739 -1
381 171 1
900 419 1
429 118 -1
1090 54 1
460 872 1
1023 992 1
1158 421 1
878 706 1
1000 1081 1
1042 635 1
1234 686 1
1266 353 1
795 985 1
706 1412 1
53 214 1
1167 64 1
874 176 1
542 768 1
1428 431 1
1297 1018 1
1247 1229 1
434 825 1
943 903 1
144 1061 1
57 1168 1
1472 1359 1
214 109 1
763 973 1
373 678 1
1259 369 1
1215 153 1
1466 473 1
721 1477 1
0 217 1
412 17 1
133 222 1
930 509 1
1476 273 1
1284 92 1
1451 644 1
585 921 1
74 647 1
270 223 1
356 539 1
1279 1245 1
882 17 1
