69 1108 -1
1353 168 -1
820 541 -1
1324 976 1
491 1447 -1
1151 1056 -1
698 1377 -1
594 1332 -1
426 556 -1
1196 1229 -1
84 1025 -1
15 1184 -1
485 400 -1
515 1273 -1
767 82 -1
354 1319 -1
612 239 1
610 1178 -1
798 1343 -1
175 1363 -1
241 1230 -1
443 27 -1
7 1061 -1
210 1286 -1
1292 1181 -1
780 779 -1
1176 985 1
435 343 1
181 874 -1
1372 1150 -1
1260 475 -1
1318 1035 1
840 321 -1
209 525 -1
512 1204 -1
606 748 -1
1061 728 -1
545 99 -1
276 701 -1
637 306 -1
1171 1462 -1
252 1184 -1
1162 440 -1
588 615 1
652 1001 1
1294 119 -1
977 197 -1
923 1141 1
483 819 -1
136 1195 -1
1065 1190 -1
912 546 -1
455 1299 -1
68 899 -1
366 913 -1
1043 1127 1
934 1314 1
899 519 -1
1057 423 -1
592 633 -1
391 912 -1
728 975 -1
1206 1076 -1
111 228 -1
738 261 1
636 704 -1
81 206 1
358 1008 -1
1340 20 -1
1398 1118 -1
944 847 -1
772 658 -1
480 708 -1
475 689 -1
932 994 1
782 255 -1
1447 1103 1
586 154 1
741 702 1
586 573 -1
197 249 -1
246 1292 -1
251 1456 -1
956 1035 -1
12 425 -1
881 1221 1
1005 194 -1
665 479 -1
1033 698 -1
1301 77 -1
1288 906 -1
753 1271 -1
4 415 -1
35 1460 -1
494 860 1
1179 608 1
93 410 -1
1086 711 1
1229 307 -1
688 1283 -1
696 623 -1
297 764 1
301 181 -1
1331 1483 -1
556 1078 -1
505 1042 -1
447 1019 -1
364 1326 1
194 1328 -1
326 879 -1
917 447 -1
875 154 1
737 413 1
1208 52 -1
1047 571 -1
1262 517 1
687 154 -1
1278 922 1
270 1280 1
1203 608 -1
724 1079 -1
282 1024 1
1346 1081 1
568 1069 -1
516 491 -1
28 1208 -1
1446 651 -1
825 789 -1
558 138 -1
578 859 -1
1260 1343 -1
322 113 -1
1040 750 -1
1375 411 -1
85 452 -1
99 997 1
803 1390 -1
656 520 -1
1261 1252 -1
409 881 1
253 665 -1
481 397 -1
414 439 -1
710 236 -1
215 529 -1
423 264 -1
1426 1409 -1
769 402 -1
718 1213 -1
835 54 -1
806 1372 -1
933 284 1
837 11 1
505 807 -1
978 199 -1
504 1220 -1
1298 23 -1
292 128 -1
499 832 1
410 918 -1
541 521 -1
1027 1154 -1
358 998 -1
1147 1018 -1
1426 95 1
269 265 -1
1269 1007 1
512 1101 -1
129 1088 1
306 372 1
373 1154 1
431 277 -1
1213 929 1
136 1248 -1
1195 282 -1
1344 730 -1
960 102 -1
696 908 1
1241 1200 -1
26 398 -1
570 1052 -1
1319 777 -1
943 1414 -1
420 144 -1
1183 719 -1
1153 1328 -1
1056 1269 1
481 558 -1
93 355 -1
408 619 -1
849 302 -1
501 1315 1
400 659 1
12 396 1
1330 519 1
1059 1007 1
172 523 1
1083 543 1
128 552 1
571 677 1
1203 537 1
1190 1417 1
353 795 1
734 350 1
64 986 1
1254 1040 1
535 923 1
1013 293 1
1010 1015 1
876 1455 1
1056 161 1
543 1251 1
1204 658 1
71 23 1
284 1055 1
1480 909 1
760 202 1
463 1115 1
12 932 1
1078 1228 1
1313 936 1
843 487 1
874 361 1
1072 348 1
995 509 1
401 185 1
382 181 1
1238 1414 1
672 626 1
1298 1376 1
239 633 1
873 1165 1
1080 148 1
131 1174 1
1042 14 1
82 598 1
1062 1352 1
1344 44 1
685 148 1
1062 930 1
737 53 1
910 1387 1
183 135 1
765 922 1
313 1231 1
1320 813 1
1324 936 1
1049 724 1
861 1155 1
332 86 1
267 260 1
384 1167 1
1257 1055 1
36 202 1
487 1448 1
436 805 1
643 585 1
300 1419 1
130 1169 1
783 525 1
1264 22 1
928 975 1
30 489 1
941 88 1
804 1098 1
193 899 1
926 373 1
124 285 1
261 1257 1
700 834 1
567 499 1
54 297 1
279 783 1
1017 1346 1
1302 980 1
1473 188 1
1029 1181 1
1100 356 1
445 1320 1
275 1189 1
1165 436 1
59 672 1
954 1155 1
901 392 1
245 1048 1
766 643 1
660 1056 1
312 352 1
365 1218 1
1451 227 1
1048 1010 1
644 1451 1
491 1408 1
584 695 1
196 399 1
824 342 1
808 800 1
107 896 1
