1114 103 1
361 1395 -1
986 1007 1
1250 56 -1
182 239 -1
305 418 -1
782 1379 -1
1239 851 -1
927 1275 1
1340 613 -1
1167 77 -1
598 79 1
918 1 1
1289 510 1
480 831 -1
920 202 1
920 611 1
269 152 -1
482 147 -1
980 64 1
535 426 -1
159 777 -1
1051 1429 -1
22 121 -1
1249 693 1
1201 992 -1
1248 926 1
1178 909 1
1447 857 -1
807 656 1
768 105 -1
778 754 -1
397 426 -1
763 1471 -1
105 1399 -1
633 774 -1
384 665 -1
517 597 -1
1456 750 -1
511 665 -1
1314 142 -1
1007 884 -1
1336 176 -1
141 235 -1
1309 162 1
659 1429 -1
613 600 -1
832 1157 1
1223 1185 -1
438 956 1
428 348 -1
421 572 -1
295 1124 -1
230 1097 1
508 233 1
429 524 1
95 431 1
486 270 1
13 652 1
291 1034 1
1412 1463 1
1248 691 1
1091 227 1
1040 434 1
1369 491 1
980 916 1
242 625 1
1150 259 1
1260 1057 1
1125 1159 1
1220 1125 1
1146 437 1
698 494 1
1319 141 1
