1077 110 -1
997 747 -1
613 235 -1
485 197 -1
582 782 -1
391 473 -1
1461 684 -1
1005 701 -1
523 1415 1
444 1431 1
861 1216 -1
1070 352 -1
597 1184 -1
784 77 1
1165 1195 -1
1410 1409 -1
193 997 -1
1122 985 -1
1167 162 1
1255 1404 -1
1348 325 -1
315 617 -1
784 137 -1
858 1196 1
873 224 -1
572 1045 -1
426 1302 1
961 563 -1
1435 735 -1
388 1074 1
1018 388 1
1388 394 -1
174 961 -1
955 877 1
649 640 -1
366 70 1
1235 1200 -1
678 270 -1
1180 615 -1
837 382 -1
864 1354 -1
331 365 1
685 425 1
984 218 -1
1152 1075 -1
21 840 -1
544 1044 -1
1068 1359 -1
819 941 -1
326 14 -1
802 270 -1
656 1019 -1
140 740 -1
1160 696 1
917 1268 -1
302 1187 -1
1414 1482 -1
1115 736 -1
587 363 -1
679 1039 1
480 1390 1
120 217 1
1423 138 -1
315 1254 -1
890 831 1
80 712 1
580 526 -1
1271 581 -1
1391 941 -1
1100 673 1
1164 403 -1
74 171 -1
1232 1426 -1
547 1176 -1
271 1317 -1
871 449 -1
1448 1417 -1
293 609 -1
91 324 -1
109 1337 -1
1057 615 -1
1008 591 1
959 218 -1
1093 1179 -1
1378 1152 -1
595 499 -1
1426 1328 -1
379 69 -1
1355 259 1
952 729 -1
600 280 -1
80 432 1
118 634 -1
600 970 -1
564 938 1
886 356 1
539 486 -1
11 349 -1
1357 461 1
562 967 1
1404 1075 1
1252 881 1
1468 81 1
1179 615 1
494 240 1
366 989 1
958 940 1
174 549 1
249 1186 1
1218 854 1
1229 7 1
1027 1269 1
679 60 1
1303 1350 1
1212 992 1
963 1063 1
1197 7 1
897 1211 1
280 1400 1
182 986 1
321 132 1
459 197 1
529 1223 1
774 1474 1
813 498 1
1468 556 1
335 408 1
1122 10 1
835 951 1
598 713 1
1288 1431 1
692 30 1
838 1451 1
625 616 1
31 758 1
1189 63 1
430 1473 1
540 1174 1
949 416 1
1256 1177 1
817 937 1
989 1349 1
1271 419 1
582 208 1
258 88 1
668 941 1
1294 1090 1
142 673 1
