319 840 -1
215 1192 1
1332 462 1
1320 1242 -1
388 565 -1
289 1374 -1
588 969 -1
271 911 1
1401 953 -1
287 452 -1
597 1000 -1
1448 1337 -1
467 360 -1
773 1117 -1
1025 219 -1
688 1139 1
1358 577 -1
837 64 -1
971 287 -1
1058 269 1
594 654 -1
886 1021 -1
1052 1070 -1
1197 73 -1
295 1181 -1
1404 682 -1
1397 1326 -1
211 390 1
589 1395 -1
1402 442 1
1407 1129 -1
458 101 -1
945 906 1
1183 698 -1
1199 1399 -1
413 1312 -1
77 80 1
52 451 -1
1063 1393 -1
377 301 -1
409 1359 1
1264 1459 1
173 663 -1
75 874 -1
1421 518 -1
498 313 -1
239 1055 -1
158 1250 1
896 1219 -1
1002 274 1
199 1244 -1
658 60 -1
1019 137 -1
1346 697 1
1083 466 1
765 1168 1
707 695 1
482 364 -1
145 753 -1
851 920 -1
292 1379 -1
190 942 -1
1184 89 -1
252 1090 -1
453 1100 -1
923 675 -1
759 50 -1
42 377 -1
232 886 -1
864 1136 1
402 1013 -1
869 673 -1
959 310 -1
218 291 -1
1461 286 -1
695 1374 1
878 470 -1
705 1021 -1
787 1176 -1
833 73 -1
379 568 -1
1353 757 -1
1124 245 1
1100 541 -1
1424 343 -1
114 6 -1
272 1027 -1
511 1337 -1
1397 1338 -1
1375 976 -1
1268 943 -1
272 30 -1
821 1022 1
552 598 -1
946 1456 -1
701 1411 -1
447 1205 -1
695 715 -1
515 1281 -1
873 1109 1
200 1399 -1
1337 1055 -1
87 689 -1
815 426 1
843 1470 -1
832 1237 -1
511 107 -1
109 187 1
1475 1194 1
914 719 -1
1335 1196 -1
869 604 1
214 1335 -1
917 233 -1
674 68 1
1099 981 1
206 1465 -1
1464 521 -1
1105 1443 -1
164 803 1
750 394 -1
493 1248 -1
24 1232 1
1040 833 -1
1118 749 -1
269 761 -1
1256 285 -1
590 339 1
1330 531 -1
1158 890 1
803 1014 -1
492 1476 -1
118 356 -1
138 467 1
687 148 -1
14 768 -1
585 612 -1
836 1317 -1
1200 226 -1
1005 1359 -1
711 1044 1
389 1316 -1
1115 770 -1
669 76 1
771 493 -1
1203 661 -1
1173 1228 -1
1206 1052 -1
183 779 -1
512 1228 -1
600 735 -1
176 63 1
443 114 -1
1052 633 -1
1213 1346 1
96 1178 -1
1461 717 -1
601 308 -1
13 341 -1
652 1071 -1
1290 294 -1
655 425 -1
1086 598 1
1368 209 -1
1277 1003 -1
1363 536 -1
246 1270 -1
449 112 -1
139 910 1
1162 355 -1
1086 1205 -1
72 1225 -1
895 421 1
761 722 -1
788 1176 -1
1175 815 1
679 356 -1
368 496 -1
180 573 1
641 836 -1
706 1198 -1
176 8 -1
512 12 -1
1411 673 -1
297 1278 1
1172 1051 -1
715 846 -1
351 871 -1
670 1357 1
1309 858 1
62 1259 -1
513 121 -1
473 144 -1
685 1095 1
116 1255 -1
1001 208 1
10 1418 1
589 8 1
871 1179 1
992 135 1
1309 135 1
1252 691 1
1124 189 1
1310 1052 1
118 1373 1
1366 227 1
1160 425 1
28 608 1
962 1217 1
851 1098 1
847 313 1
534 53 1
990 671 1
1021 1037 1
864 922 1
833 533 1
1308 1204 1
1156 1157 1
572 1213 1
5 849 1
294 1166 1
1425 909 1
941 1160 1
257 409 1
1318 1049 1
144 966 1
683 1128 1
131 1296 1
586 1104 1
1241 1274 1
689 687 1
1278 935 1
1054 674 1
1022 293 1
1030 575 1
138 68 1
1477 984 1
1370 443 1
1257 413 1
1206 1043 1
1464 502 1
826 1022 1
994 764 1
654 993 1
704 1097 1
90 54 1
1094 139 1
1457 1167 1
345 405 1
1292 67 1
1275 1139 1
714 142 1
943 1101 1
732 1397 1
1317 312 1
1035 1013 1
21 1446 1
842 890 1
499 673 1
252 1355 1
360 1240 1
736 1019 1
955 1109 1
489 1220 1
30 810 1
527 1066 1
573 1038 1
18 1140 1
683 1306 1
816 1248 1
963 1295 1
26 1016 1
359 638 1
520 1086 1
249 527 1
295 315 1
962 1278 1
386 152 1
1078 414 1
861 257 1
504 1074 1
15 396 1
963 366 1
1362 259 1
982 1280 1
172 331 1
1330 705 1
1227 1264 1
563 718 1
418 1250 1
160 1307 1
434 1062 1
1163 1182 1
723 876 1
291 464 1
1197 535 1
717 678 1
183 1347 1
