763 1468 -1
1356 838 -1
1256 1272 -1
159 235 -1
637 1105 -1
784 1076 -1
271 1097 1
1171 388 1
1331 821 -1
1242 498 -1
327 5 1
1320 1039 -1
115 279 -1
1441 532 -1
406 1223 1
856 829 1
752 895 -1
1027 1086 -1
1119 869 -1
152 418 1
137 519 1
1006 815 1
226 1377 -1
826 113 -1
1192 197 -1
1134 1445 -1
310 1128 -1
201 733 -1
489 659 -1
298 1322 -1
897 585 -1
67 284 1
117 1001 1
626 1309 -1
809 431 -1
834 532 -1
183 71 1
845 457 -1
106 27 1
306 417 -1
325 1366 -1
217 1414 -1
363 1170 -1
252 1330 1
968 510 -1
300 542 -1
629 169 -1
1097 925 1
381 1155 -1
447 868 -1
752 947 -1
172 1284 1
184 660 1
1230 929 1
348 1282 1
1125 692 1
879 30 1
1168 1227 1
523 1117 1
386 699 1
591 104 1
923 1182 1
1139 1079 1
1396 1350 1
5 978 1
1006 353 1
1275 906 1
863 979 1
577 349 1
441 401 1
181 184 1
1326 896 1
1349 1239 1
73 1449 1
