482 825 -1
366 109 1
1147 629 -1
965 1291 1
621 985 -1
1460 856 -1
990 542 1
1177 955 -1
311 1357 -1
1133 308 -1
762 1360 -1
1428 571 -1
1291 739 -1
1433 516 1
545 1022 -1
649 159 1
810 674 -1
1066 610 -1
1041 600 -1
532 87 -1
607 106 -1
193 1081 -1
252 640 1
325 649 -1
406 306 -1
145 562 -1
624 483 -1
20 686 1
1078 669 -1
1088 1381 -1
1004 516 -1
675 940 -1
1057 206 -1
305 1303 -1
816 469 -1
1451 358 1
1015 512 -1
622 471 1
365 1293 1
1076 73 -1
214 1262 1
166 1440 1
875 867 -1
105 921 -1
808 270 -1
930 687 1
984 1359 -1
480 559 -1
788 634 -1
194 730 -1
25 342 -1
522 1360 -1
50 1223 -1
810 1274 1
1470 96 -1
26 1107 -1
1336 471 -1
173 1358 -1
101 472 -1
251 286 -1
1066 280 1
1052 855 -1
227 642 -1
627 1118 -1
107 1220 -1
475 221 -1
1167 582 -1
632 546 -1
1415 1370 -1
840 743 1
195 1388 -1
724 909 -1
1142 1202 -1
1090 65 1
1076 1348 -1
1259 440 1
1074 1163 -1
404 1098 -1
677 473 -1
436 1443 -1
1349 992 1
1020 193 -1
785 116 -1
71 70 1
1327 1150 -1
1195 1180 -1
607 916 -1
1482 1433 -1
970 829 1
1133 67 -1
303 870 -1
1040 91 -1
965 1268 -1
1006 104 1
334 762 1
171 823 1
1350 667 -1
219 692 -1
860 603 1
348 847 1
1230 1297 1
1311 1176 1
385 783 1
369 56 1
1352 244 1
317 909 1
542 687 1
1010 1316 1
1159 908 1
853 1016 1
1266 1474 1
1095 17 1
1046 670 1
547 208 1
525 409 1
1303 90 1
373 681 1
288 85 1
490 113 1
361 1134 1
172 213 1
408 227 1
1355 1135 1
994 262 1
102 577 1
1285 144 1
576 1197 1
139 393 1
124 415 1
1364 593 1
347 478 1
1291 1038 1
988 244 1
961 1255 1
1163 1306 1
394 361 1
430 1347 1
26 1396 1
1012 983 1
833 347 1
1362 874 1
894 1286 1
949 1472 1
1274 1029 1
825 817 1
896 57 1
1274 33 1
302 806 1
