152 937 -1
267 1262 -1
151 336 1
1335 600 -1
945 1026 -1
375 364 -1
359 735 -1
390 1458 1
863 272 -1
1268 688 -1
186 540 1
137 169 -1
1342 304 -1
110 442 -1
1481 1478 -1
328 152 -1
942 612 -1
1217 1116 -1
541 483 -1
1311 1176 1
18 917 1
307 689 1
1223 1215 -1
143 347 1
296 344 1
884 429 -1
894 507 -1
1100 1120 -1
1290 314 -1
344 530 -1
1074 749 -1
873 430 -1
1414 843 -1
940 451 -1
672 1214 -1
901 114 1
533 922 -1
373 202 -1
1047 556 1
930 228 -1
335 375 1
241 592 -1
1389 743 -1
150 115 -1
309 941 -1
928 1367 1
1054 126 -1
837 416 1
120 383 -1
1478 1253 1
0 180 -1
1217 1134 -1
1148 983 -1
1266 105 -1
217 920 1
1265 128 -1
6 1325 -1
522 786 -1
765 759 -1
1312 1465 -1
518 343 -1
930 880 -1
599 635 1
1040 567 -1
623 400 -1
846 1155 -1
13 52 -1
1110 147 1
1425 741 1
1117 1294 1
1439 632 -1
1197 1268 -1
655 478 -1
49 986 -1
281 542 -1
645 776 1
688 437 1
1201 363 -1
184 363 -1
897 103 -1
76 789 -1
1333 464 1
188 264 -1
645 1091 1
735 1121 1
618 1067 -1
600 178 1
686 719 -1
1239 948 -1
247 770 -1
1186 1368 -1
1029 346 -1
902 859 -1
512 156 -1
29 1098 -1
1383 1014 -1
781 222 1
748 468 -1
244 678 -1
671 1341 -1
320 1411 -1
106 524 1
315 108 -1
483 6 -1
640 647 -1
1119 1483 -1
1177 480 -1
689 1152 -1
795 1384 -1
710 638 -1
149 983 -1
533 1358 -1
609 1251 -1
1205 493 -1
606 197 1
1001 1369 -1
747 424 -1
1382 1430 -1
1483 1237 1
719 567 -1
1329 293 -1
404 644 -1
1091 467 -1
1342 777 -1
1289 822 -1
832 576 1
366 1371 -1
1376 950 1
341 584 1
147 746 -1
409 1290 -1
256 360 1
1457 941 -1
731 1218 -1
486 697 1
312 67 1
212 76 1
565 1189 -1
950 1454 1
1352 1132 -1
500 536 -1
1333 259 -1
641 665 -1
490 1130 -1
1447 857 -1
679 1192 -1
1334 935 -1
707 1148 1
172 791 -1
1345 716 -1
1008 609 -1
125 359 -1
645 141 1
732 410 -1
347 872 1
460 208 -1
829 1076 -1
1336 117 -1
1208 78 -1
468 1295 -1
1002 1169 -1
152 497 -1
567 95 -1
684 140 -1
855 1217 -1
974 585 -1
578 1447 -1
1288 49 1
1050 173 -1
464 334 1
1245 1068 -1
434 24 1
464 1332 -1
1475 796 -1
474 249 1
972 1382 -1
732 140 -1
178 260 1
505 476 -1
1432 165 -1
763 1350 1
191 972 -1
982 260 -1
283 1014 1
402 1084 -1
481 297 -1
593 191 -1
178 1257 -1
632 1338 -1
651 1375 -1
847 852 -1
791 1229 -1
516 1077 1
233 1039 -1
1001 1273 -1
735 933 1
1022 1301 1
502 971 -1
485 1419 1
919 1405 -1
892 835 1
1141 10 1
368 979 1
113 1425 1
414 286 1
1062 915 1
3 879 1
700 707 1
1128 1323 1
795 1174 1
356 645 1
1305 877 1
1194 1244 1
155 900 1
298 852 1
982 1000 1
762 273 1
890 684 1
89 108 1
1266 573 1
1213 975 1
841 279 1
1215 1317 1
1190 296 1
366 1062 1
361 1080 1
1228 497 1
996 1253 1
528 650 1
1441 1249 1
150 145 1
1478 1138 1
321 131 1
389 706 1
1346 986 1
944 11 1
1174 729 1
519 178 1
428 618 1
1005 24 1
283 55 1
12 1117 1
616 605 1
715 473 1
1255 1025 1
130 995 1
560 165 1
330 165 1
362 1378 1
626 31 1
347 843 1
856 1105 1
987 161 1
114 891 1
19 1189 1
1447 837 1
262 1475 1
744 672 1
177 436 1
1360 476 1
66 328 1
396 666 1
975 1062 1
397 1197 1
379 845 1
729 1292 1
552 405 1
1120 1287 1
723 779 1
447 1077 1
1428 167 1
904 419 1
201 641 1
692 222 1
1054 504 1
256 590 1
335 1435 1
1233 856 1
1471 399 1
587 609 1
1326 173 1
753 718 1
368 847 1
441 1316 1
735 1345 1
879 683 1
938 466 1
1327 371 1
186 964 1
625 74 1
160 1007 1
648 601 1
601 193 1
438 694 1
366 1316 1
1463 833 1
347 947 1
1028 834 1
