11 73 -1
1192 942 -1
1117 1149 -1
1239 428 -1
262 527 -1
1290 60 1
1161 814 -1
15 359 -1
588 614 1
157 1100 1
339 271 1
738 609 -1
705 204 -1
627 1205 -1
1014 623 -1
1399 655 -1
385 401 -1
441 1436 -1
1018 1388 -1
5 971 1
145 798 -1
346 712 -1
884 941 1
464 294 -1
1073 1342 -1
287 106 -1
381 1261 1
1410 4 -1
850 22 -1
1017 861 -1
659 1065 1
99 270 1
963 1446 1
84 1013 -1
105 67 -1
276 942 -1
810 1128 1
782 740 -1
1364 914 -1
259 642 -1
1172 485 -1
829 381 1
836 764 -1
342 872 -1
301 1282 -1
1165 158 1
435 1187 -1
1201 1053 -1
10 1211 -1
620 636 1
418 1351 -1
1103 851 1
1069 988 1
501 1235 1
923 945 1
840 133 1
996 161 1
971 289 1
206 581 1
1023 991 1
637 98 1
539 575 1
348 1264 1
1328 353 1
910 460 1
307 396 1
717 341 1
668 1154 1
863 1347 1
1478 654 1
58 1177 1
1324 1023 1
259 940 1
1175 1022 1
