906 1025 -1
487 1412 1
151 1084 -1
46 332 -1
284 1428 -1
649 527 -1
6 865 -1
837 362 -1
707 1274 1
1213 903 -1
25 755 1
1047 800 -1
201 98 1
824 985 1
1031 352 1
356 191 -1
1437 861 -1
1104 779 1
847 175 -1
377 1414 1
152 1150 1
56 925 -1
296 541 1
426 423 -1
881 1153 1
1003 1276 1
116 1072 -1
1114 231 1
1394 978 -1
39 904 -1
1462 1176 -1
516 148 -1
1093 259 1
774 1161 -1
221 1081 -1
844 300 -1
700 724 -1
546 891 -1
106 963 1
1019 700 -1
818 949 -1
739 376 -1
732 247 1
1175 317 -1
1334 703 -1
878 446 -1
397 495 -1
1133 1238 -1
1119 1436 -1
1225 33 -1
535 899 -1
217 458 1
1259 581 -1
97 585 -1
558 166 -1
766 1440 -1
392 943 1
815 176 -1
1332 1362 -1
892 1028 1
175 277 -1
827 757 -1
1215 776 -1
203 1435 -1
1369 1081 -1
622 585 -1
303 1040 -1
601 513 -1
993 888 -1
1224 1033 -1
1218 1453 -1
344 1446 -1
139 134 1
326 78 -1
1232 590 -1
47 1304 -1
501 199 -1
1078 1134 -1
813 642 -1
97 34 -1
494 1308 -1
339 804 1
162 1358 -1
774 879 -1
1132 660 -1
1210 337 -1
758 1218 -1
205 235 -1
441 543 -1
117 485 -1
775 873 -1
1097 564 1
607 817 -1
763 1290 -1
101 329 -1
1091 364 -1
768 138 1
1446 1262 1
912 567 1
581 566 1
1323 359 1
1422 1355 1
306 1016 1
1415 1023 1
334 562 1
1044 25 1
642 1468 1
280 1288 1
1046 623 1
658 237 1
553 685 1
347 1159 1
1264 1303 1
146 293 1
1147 952 1
1097 225 1
278 1474 1
829 291 1
316 715 1
1313 186 1
504 404 1
170 584 1
536 1435 1
476 101 1
1149 545 1
411 886 1
367 449 1
734 1414 1
465 940 1
1447 945 1
1001 38 1
891 487 1
199 520 1
398 1229 1
1247 941 1
1124 486 1
823 1292 1
123 1039 1
1122 226 1
162 135 1
135 929 1
1347 67 1
1027 337 1
629 759 1
26 970 1
1164 373 1
934 933 1
95 1419 1
