1269 1296 1
1330 1000 -1
1051 221 -1
515 882 -1
441 663 -1
1367 1164 -1
764 35 -1
101 717 -1
90 650 -1
1192 804 -1
663 291 -1
777 311 -1
871 1407 -1
738 1355 -1
925 1300 -1
197 1078 -1
504 1272 -1
1409 1269 -1
795 752 -1
584 711 -1
817 1239 1
1229 834 1
243 791 -1
807 332 -1
13 379 -1
1468 1075 1
889 401 -1
188 694 -1
461 924 -1
555 1278 -1
483 108 -1
925 268 1
325 264 -1
120 554 -1
1462 222 -1
1333 585 -1
153 1020 1
1375 321 -1
215 1259 1
60 827 -1
1290 868 1
1153 394 1
540 748 -1
808 1388 -1
518 862 -1
807 1446 -1
503 709 -1
690 210 -1
215 669 -1
1306 857 -1
1046 786 1
627 107 -1
1103 257 1
1338 29 -1
463 459 1
154 766 1
1140 1090 -1
322 180 -1
563 592 -1
1160 1112 1
1007 824 1
3 403 -1
846 1100 -1
289 1334 -1
507 1357 -1
448 362 -1
976 1427 -1
368 446 -1
1386 343 -1
859 192 -1
1216 1269 1
846 1307 1
1393 894 -1
1423 770 -1
630 1303 -1
632 1230 -1
1082 66 -1
262 594 -1
1374 1404 -1
954 1126 1
905 49 1
68 1364 -1
516 694 -1
1116 974 -1
1203 999 -1
82 578 -1
908 178 1
622 1224 -1
1457 435 -1
937 1386 -1
1169 1430 -1
1305 616 -1
1468 109 -1
1230 17 -1
563 574 -1
118 81 1
1392 262 -1
188 595 -1
1276 125 -1
888 670 -1
698 520 1
713 259 -1
1152 770 -1
696 890 1
1268 718 -1
593 1310 -1
110 716 -1
396 52 -1
1431 59 -1
1031 651 -1
923 1285 -1
1315 523 1
1255 1410 -1
949 482 -1
1219 952 -1
11 1244 -1
998 1205 -1
358 1226 -1
1223 783 1
794 912 -1
965 1231 1
1319 319 -1
684 369 -1
702 390 -1
820 974 -1
910 96 -1
1448 616 -1
444 703 -1
189 1469 -1
1089 194 -1
731 149 -1
432 1065 -1
1153 312 -1
1009 509 1
2 938 -1
1480 49 -1
369 1289 -1
398 701 1
153 387 1
419 1136 -1
550 1212 -1
810 132 -1
977 153 1
218 766 -1
55 1012 1
151 529 -1
1074 114 -1
599 1188 -1
1160 112 1
1315 1353 1
535 1136 -1
270 256 -1
962 1130 -1
1253 423 -1
47 711 -1
320 881 -1
737 691 -1
1476 1236 1
592 114 -1
1085 238 -1
1459 1043 -1
1318 3 -1
1003 710 -1
404 928 1
35 1282 -1
1173 360 -1
1275 1345 -1
144 800 -1
335 1314 -1
959 515 -1
323 711 -1
1420 1283 -1
735 350 1
808 716 1
378 50 -1
1279 497 -1
969 872 -1
48 999 -1
731 211 1
887 1012 -1
387 1045 -1
155 231 1
1386 1013 -1
240 1 1
1102 951 -1
1125 1273 1
908 1404 -1
142 1395 -1
1092 1108 -1
210 961 -1
873 1162 1
117 1304 1
171 562 1
1168 293 1
1106 1400 1
1101 1128 1
882 343 1
849 132 1
734 737 1
374 464 1
457 2 1
537 779 1
1422 1321 1
615 636 1
1159 567 1
756 718 1
1256 1167 1
1294 192 1
1141 1298 1
1199 1045 1
395 274 1
307 430 1
1055 993 1
293 353 1
1030 1422 1
160 574 1
338 351 1
635 563 1
327 235 1
1465 257 1
633 718 1
1318 1294 1
1245 32 1
1091 1152 1
787 69 1
1041 1191 1
975 1011 1
501 486 1
236 1016 1
347 226 1
1218 534 1
92 453 1
856 1353 1
316 1190 1
993 666 1
258 1374 1
1392 340 1
76 604 1
847 1286 1
404 1011 1
778 1078 1
350 1170 1
1317 863 1
1168 987 1
52 947 1
988 1007 1
1035 1238 1
999 1352 1
437 1141 1
1026 413 1
1449 669 1
665 473 1
1313 1217 1
212 602 1
279 1252 1
467 1052 1
1020 1073 1
809 1435 1
1171 1014 1
223 1326 1
271 889 1
1271 946 1
1034 243 1
1478 307 1
659 1285 1
1064 1445 1
916 146 1
829 1259 1
1017 999 1
1262 426 1
215 1283 1
1416 296 1
1181 1382 1
116 25 1
894 404 1
401 970 1
586 408 1
486 1137 1
1463 1146 1
1011 1216 1
1005 65 1
311 937 1
1080 93 1
571 1229 1
1007 282 1
310 1056 1
188 365 1
296 169 1
1457 968 1
214 188 1
822 1006 1
113 880 1
338 1291 1
222 225 1
1064 232 1
1110 1059 1
485 1226 1
962 1300 1
