778 99 -1
397 1146 1
679 1445 -1
43 156 -1
1200 253 -1
266 1386 -1
1233 993 1
131 1188 -1
1099 91 -1
415 250 -1
1366 1243 -1
932 980 1
1093 1097 1
1439 1114 -1
491 1048 -1
484 523 -1
646 910 -1
705 108 -1
451 759 1
1335 1447 -1
144 876 -1
735 9 1
1137 1129 -1
831 182 -1
1151 66 -1
727 406 -1
778 63 -1
588 112 -1
536 1160 1
1282 1024 1
165 1223 -1
1222 487 1
1099 930 1
1142 71 -1
449 1136 -1
1273 690 1
205 887 -1
112 794 -1
780 907 -1
1321 1139 1
211 132 -1
852 918 -1
1113 706 1
181 1047 -1
889 201 -1
1103 785 1
708 1081 -1
570 62 1
767 1126 -1
678 1469 -1
619 510 -1
501 357 -1
316 715 1
1409 1464 1
1123 469 1
751 662 1
10 420 1
317 643 1
1266 1244 1
257 955 1
681 1157 1
366 1038 1
134 1094 1
1004 563 1
1121 107 1
843 347 1
235 179 1
1252 1165 1
617 619 1
898 723 1
198 868 1
546 986 1
97 626 1
1008 37 1
