1427 879 -1
1246 1171 -1
1137 128 -1
1342 293 -1
1448 367 -1
1191 55 -1
553 616 -1
486 1178 -1
78 1022 -1
92 712 -1
1192 917 -1
1350 1085 -1
161 364 1
1013 952 -1
68 119 -1
1362 950 1
229 257 -1
508 202 -1
1187 632 -1
390 406 -1
594 720 -1
228 836 -1
1174 674 1
603 1049 -1
442 998 -1
792 674 -1
1306 1463 1
1279 625 -1
654 319 -1
507 1186 1
182 200 -1
106 133 -1
556 1301 -1
1225 611 -1
147 1327 1
342 849 1
563 294 -1
254 1213 -1
890 1403 -1
811 761 -1
1088 1453 -1
158 324 -1
105 295 1
959 1464 1
509 17 -1
998 128 -1
746 599 -1
1170 94 1
362 487 -1
1099 1073 1
270 1461 -1
1093 608 -1
277 481 -1
287 434 -1
443 800 -1
1034 1170 1
1399 1068 -1
597 1187 -1
1195 821 -1
123 444 -1
1318 715 -1
358 706 1
1051 249 -1
411 459 -1
1089 1329 -1
1196 265 -1
639 669 -1
1033 987 -1
33 1068 -1
1255 222 -1
866 1237 -1
631 51 -1
89 550 -1
792 29 -1
896 806 -1
300 553 -1
895 1105 -1
400 568 -1
1436 856 -1
1075 1361 -1
968 698 -1
235 762 1
947 1125 1
101 1460 -1
1072 1468 -1
252 333 -1
792 125 -1
1325 449 -1
553 537 1
366 1227 1
349 1065 1
1285 415 -1
960 714 1
426 666 1
588 641 1
356 30 1
359 872 1
153 171 1
985 1308 1
846 354 1
294 285 1
359 61 1
600 394 1
1029 230 1
939 1210 1
1144 1272 1
17 946 1
126 833 1
967 369 1
1326 348 1
1346 823 1
758 462 1
91 1200 1
81 97 1
1366 7 1
393 435 1
1094 1221 1
1028 811 1
939 1029 1
382 992 1
1083 1043 1
685 571 1
336 1317 1
932 1316 1
397 1197 1
309 1032 1
348 180 1
1264 765 1
851 886 1
907 360 1
1227 864 1
622 205 1
783 690 1
221 1453 1
668 19 1
1088 935 1
639 393 1
828 11 1
99 1057 1
1063 964 1
586 958 1
157 1003 1
1226 1106 1
805 913 1
1164 158 1
666 1255 1
1471 868 1
213 1467 1
