133 27 -1
115 85 -1
136 42 -1
99 121 -1
62 127 -1
140 76 -1
90 126 -1
22 136 -1
11 68 -1
117 32 -1
80 29 -1
102 72 -1
108 43 -1
106 61 -1
142 21 -1
119 37 -1
98 120 -1
113 76 -1
91 123 -1
62 20 -1
46 105 -1
75 134 -1
27 86 -1
5 129 -1
13 107 -1
24 132 -1
45 117 -1
134 14 -1
93 37 -1
108 38 -1
84 3 -1
101 49 -1
132 60 -1
26 139 -1
112 76 -1
36 144 -1
89 45 -1
70 134 -1
28 51 -1
47 117 -1
42 52 -1
56 1 -1
80 15 -1
89 119 -1
40 129 -1
81 147 -1
71 125 -1
9 127 -1
117 47 -1
3 65 -1
106 83 -1
119 74 -1
28 119 -1
120 18 -1
58 40 -1
99 23 -1
68 145 -1
146 51 -1
121 5 -1
29 88 -1
14 128 -1
91 43 -1
100 64 -1
24 64 -1
137 56 -1
93 141 -1
77 115 -1
9 136 -1
82 101 -1
137 28 -1
125 24 -1
121 8 -1
145 29 -1
37 135 -1
43 68 -1
128 93 -1
111 78 -1
129 26 -1
4 113 -1
38 56 -1
40 118 -1
78 138 -1
69 117 -1
17 96 -1
74 120 -1
83 140 -1
149 22 -1
125 94 -1
90 5 -1
89 104 -1
136 69 -1
32 97 -1
57 105 -1
4 98 -1
11 122 -1
78 149 -1
93 46 -1
68 40 -1
22 105 -1
1 61 -1
