133 27 -1
115 85 -1
136 42 -1
99 121 -1
62 127 -1
140 76 -1
90 126 -1
22 136 -1
11 68 -1
117 32 -1
80 29 -1
102 72 -1
108 43 -1
106 61 -1
142 21 -1
119 37 -1
98 120 -1
113 76 -1
91 123 -1
62 20 -1
46 105 -1
75 134 -1
27 86 -1
5 129 -1
13 107 -1
24 132 -1
45 117 -1
134 14 -1
93 37 -1
108 38 -1
84 3 -1
101 49 -1
132 60 -1
26 139 -1
112 76 -1
36 144 -1
89 45 -1
70 134 -1
28 51 -1
47 117 -1
42 52 -1
56 1 -1
80 15 -1
89 119 -1
40 129 -1
81 147 -1
71 125 -1
9 127 -1
117 47 -1
3 65 -1
106 83 -1
119 74 -1
28 119 -1
120 18 -1
58 40 -1
99 23 -1
68 145 -1
146 51 -1
121 5 -1
29 88 -1
14 128 -1
91 43 -1
100 64 -1
24 64 -1
137 56 -1
93 141 -1
77 115 -1
9 136 -1
82 101 -1
137 28 -1
125 24 -1
121 8 -1
145 29 -1
37 135 -1
43 68 -1
128 93 -1
111 78 -1
129 26 -1
4 113 -1
38 56 -1
40 118 -1
78 138 -1
69 117 -1
17 96 -1
74 120 -1
83 140 -1
149 22 -1
125 94 -1
90 5 -1
89 104 -1
136 69 -1
32 97 -1
57 105 -1
4 98 -1
11 122 -1
78 149 -1
93 46 -1
68 40 -1
22 105 -1
1 61 -1
30 120 -1
86 126 -1
72 8 -1
16 132 -1
8 74 -1
87 12 -1
74 0 -1
36 149 -1
129 68 -1
71 123 -1
131 81 -1
130 44 -1
10 63 -1
49 131 -1
149 46 -1
9 123 -1
13 140 -1
145 26 -1
116 90 -1
40 134 -1
126 42 -1
36 79 -1
18 137 -1
62 148 -1
22 86 -1
110 42 -1
137 6 -1
51 13 -1
72 121 -1
55 119 -1
49 104 -1
139 61 -1
140 17 -1
5 78 -1
77 120 -1
124 22 -1
119 31 -1
30 134 -1
142 72 -1
122 50 -1
25 135 -1
122 49 -1
40 92 -1
98 113 -1
98 140 -1
24 140 -1
59 136 -1
132 55 -1
44 119 -1
123 26 -1
0 55 -1
10 142 -1
29 55 -1
71 104 -1
13 61 -1
104 9 -1
94 134 -1
121 42 -1
18 78 -1
139 22 -1
108 48 -1
36 108 -1
103 98 -1
3 133 -1
133 98 -1
90 129 -1
50 138 -1
47 149 -1
40 103 -1
133 63 -1
47 53 -1
142 36 -1
75 2 -1
46 57 -1
129 60 -1
14 60 -1
104 50 -1
98 106 -1
2 147 -1
49 89 -1
2 78 -1
3 50 -1
131 47 -1
138 35 -1
134 92 -1
15 54 -1
29 114 -1
35 79 -1
143 85 -1
27 100 -1
88 149 -1
39 88 -1
42 95 -1
143 40 -1
132 69 -1
26 60 -1
117 11 -1
81 9 -1
90 146 -1
117 77 -1
84 124 -1
107 14 -1
68 105 -1
8 62 -1
136 96 -1
126 16 -1
2 78 -1
79 40 -1
47 70 -1
51 30 -1
131 43 -1
7 127 -1
62 136 -1
114 55 -1
62 140 -1
12 129 -1
110 19 -1
39 74 -1
5 87 -1
88 16 -1
70 34 -1
56 117 -1
6 137 -1
105 17 -1
18 95 -1
33 73 -1
8 137 -1
39 133 -1
7 78 -1
57 21 -1
129 0 -1
109 68 -1
88 125 -1
138 24 -1
83 7 -1
31 93 -1
108 70 -1
49 67 -1
139 13 -1
22 94 -1
73 112 -1
132 92 -1
91 107 -1
15 71 -1
107 41 -1
97 1 -1
81 121 -1
137 54 -1
80 125 -1
31 52 -1
81 39 -1
146 4 -1
38 130 -1
18 120 -1
12 112 -1
129 27 -1
85 126 -1
33 107 -1
109 57 -1
94 111 -1
77 100 -1
86 10 -1
18 63 -1
99 44 -1
111 5 -1
134 91 -1
75 5 -1
114 93 -1
68 105 -1
82 122 -1
82 17 -1
80 43 -1
36 143 -1
24 63 -1
29 77 -1
12 125 -1
38 69 -1
110 32 -1
144 17 -1
146 35 -1
37 141 -1
103 73 -1
128 75 -1
91 110 -1
18 67 -1
36 113 -1
5 54 -1
71 111 -1
33 135 -1
139 54 -1
1 100 -1
18 53 -1
135 56 -1
45 89 -1
49 67 -1
26 96 -1
81 115 -1
60 5 -1
120 18 -1
111 42 -1
