133 136 1
27 42 1
99 62 1
127 140 1
109 113 1
76 90 1
126 136 1
11 32 1
80 62 1
73 67 1
85 72 1
108 119 1
117 106 1
61 98 1
74 65 1
120 113 1
76 91 1
80 56 1
123 105 1
75 86 1
5 46 1
129 107 1
24 45 1
132 117 1
134 108 1
126 128 1
38 3 1
101 104 1
49 26 1
18 36 1
144 134 1
28 17 1
51 52 1
56 80 1
86 91 1
15 40 1
129 147 1
71 81 1
125 127 1
117 106 1
47 3 1
36 28 1
21 32 1
29 3 1
119 120 1
18 40 1
99 96 1
23 5 1
29 14 1
128 100 1
134 137 1
56 93 1
141 115 1
9 28 1
125 107 1
24 8 1
145 135 1
43 26 1
4 43 1
13 38 1
56 78 1
138 117 1
17 22 1
125 104 1
136 105 1
4 11 1
122 149 1
93 68 1
40 22 1
11 10 1
105 120 1
86 94 1
126 132 1
8 12 1
74 68 1
71 81 1
130 133 1
44 10 1
63 90 1
40 42 1
36 7 1
45 6 1
79 62 1
148 110 1
42 6 1
51 72 1
121 119 1
49 21 1
104 139 1
61 78 1
77 50 1
84 58 1
120 124 1
22 31 1
30 25 1
135 122 1
49 40 1
92 98 1
113 140 1
24 44 1
