133 136 1
27 42 1
99 62 1
127 140 1
109 113 1
76 90 1
126 136 1
11 32 1
80 62 1
73 67 1
85 72 1
108 119 1
117 106 1
61 98 1
74 65 1
120 113 1
76 91 1
80 56 1
123 105 1
75 86 1
5 46 1
129 107 1
24 45 1
132 117 1
134 108 1
126 128 1
38 3 1
101 104 1
49 26 1
18 36 1
144 134 1
28 17 1
51 52 1
56 80 1
86 91 1
15 40 1
129 147 1
71 81 1
125 127 1
117 106 1
47 3 1
36 28 1
21 32 1
29 3 1
119 120 1
18 40 1
99 96 1
23 5 1
29 14 1
128 100 1
134 137 1
56 93 1
141 115 1
9 28 1
125 107 1
24 8 1
145 135 1
43 26 1
4 43 1
13 38 1
56 78 1
138 117 1
17 22 1
125 104 1
136 105 1
4 11 1
122 149 1
93 68 1
40 22 1
11 10 1
105 120 1
86 94 1
126 132 1
8 12 1
74 68 1
71 81 1
130 133 1
44 10 1
63 90 1
40 42 1
36 7 1
45 6 1
79 62 1
148 110 1
42 6 1
51 72 1
121 119 1
49 21 1
104 139 1
61 78 1
77 50 1
84 58 1
120 124 1
22 31 1
30 25 1
135 122 1
49 40 1
92 98 1
113 140 1
24 44 1
4 29 1
119 123 1
26 0 1
55 71 1
67 61 1
104 126 1
9 42 1
18 22 1
108 103 1
98 90 1
54 67 1
96 68 1
129 138 1
47 40 1
103 133 1
63 53 1
142 129 1
136 104 1
128 127 1
50 98 1
106 147 1
49 43 1
89 78 1
3 47 1
138 109 1
101 134 1
139 114 1
35 27 1
100 149 1
39 17 1
88 95 1
143 144 1
129 132 1
140 141 1
69 60 1
117 123 1
11 9 1
90 75 1
146 117 1
77 84 1
90 76 1
124 107 1
14 8 1
62 96 1
126 144 1
16 2 1
78 79 1
96 70 1
51 62 1
136 114 1
55 62 1
140 129 1
110 117 1
6 10 1
49 17 1
18 33 1
73 78 1
57 64 1
21 0 1
109 125 1
138 108 1
70 67 1
139 119 1
13 22 1
94 73 1
97 81 1
112 132 1
140 107 1
15 41 1
97 81 1
121 137 1
140 125 1
31 16 1
16 39 1
146 130 1
18 21 1
120 112 1
129 126 1
33 10 1
18 5 1
63 99 1
44 5 1
134 114 1
139 118 1
93 68 1
105 122 1
82 80 1
93 74 1
76 63 1
29 12 1
125 110 1
32 17 1
146 141 1
103 143 1
73 75 1
91 67 1
36 5 1
40 8 1
30 33 1
135 139 1
