133 136 1
27 42 1
99 62 1
127 140 1
109 113 1
76 90 1
126 136 1
11 32 1
80 62 1
73 67 1
85 72 1
108 119 1
117 106 1
61 98 1
74 65 1
120 113 1
76 91 1
80 56 1
123 105 1
75 86 1
5 46 1
129 107 1
24 45 1
132 117 1
134 108 1
126 128 1
38 3 1
101 104 1
49 26 1
18 36 1
144 134 1
28 17 1
51 52 1
56 80 1
86 91 1
15 40 1
129 147 1
71 81 1
125 127 1
117 106 1
47 3 1
36 28 1
21 32 1
29 3 1
119 120 1
18 40 1
99 96 1
23 5 1
29 14 1
128 100 1
134 64 -1
24 64 -1
137 56 -1
93 141 -1
77 115 -1
9 136 -1
82 101 -1
137 28 -1
125 24 -1
121 8 -1
145 29 -1
37 135 -1
43 68 -1
128 93 -1
111 78 -1
129 26 -1
4 113 -1
38 56 -1
40 118 -1
78 138 -1
69 117 -1
17 96 -1
74 120 -1
83 140 -1
149 22 -1
125 94 -1
90 5 -1
89 104 -1
136 69 -1
32 97 -1
57 105 -1
4 98 -1
11 122 -1
78 149 -1
93 46 -1
68 40 -1
22 105 -1
1 61 -1
30 120 -1
86 126 -1
72 8 -1
16 132 -1
8 74 -1
87 12 -1
74 0 -1
36 149 -1
129 68 -1
71 123 -1
131 81 -1
130 44 -1
