133 136 1
27 42 1
99 62 1
127 140 1
109 113 1
76 90 1
126 136 1
11 32 1
80 62 1
73 67 1
85 72 1
108 119 1
117 106 1
61 98 1
74 65 1
120 113 1
76 91 1
80 56 1
123 105 1
75 86 1
5 46 1
129 107 1
24 45 1
132 117 1
134 108 1
126 128 1
38 3 1
101 104 1
49 26 1
18 36 1
144 134 1
28 17 1
51 52 1
56 80 1
86 91 1
15 40 1
129 147 1
71 81 1
125 127 1
117 106 1
47 3 1
36 28 1
21 32 1
29 3 1
119 120 1
18 40 1
99 96 1
23 5 1
29 14 1
128 100 1
134 137 1
56 93 1
141 115 1
9 28 1
125 107 1
24 8 1
145 135 1
43 26 1
4 43 1
13 38 1
56 78 1
138 117 1
17 22 1
125 104 1
136 105 1
4 11 1
122 149 1
93 68 1
40 22 1
11 10 1
105 120 1
86 94 1
126 132 1
8 12 1
74 68 1
71 123 -1
131 81 -1
130 44 -1
10 63 -1
49 131 -1
149 46 -1
9 123 -1
13 140 -1
145 26 -1
116 90 -1
40 134 -1
126 42 -1
36 79 -1
18 137 -1
62 148 -1
22 86 -1
110 42 -1
137 6 -1
51 13 -1
72 121 -1
55 119 -1
49 104 -1
139 61 -1
140 17 -1
5 78 -1
77 120 -1
124 22 -1
119 31 -1
30 134 -1
142 72 -1
122 50 -1
25 135 -1
122 49 -1
40 92 -1
98 113 -1
98 140 -1
24 140 -1
59 136 -1
132 55 -1
44 119 -1
123 26 -1
0 55 -1
10 142 -1
29 55 -1
71 104 -1
13 61 -1
104 9 -1
94 134 -1
121 42 -1
18 78 -1
139 22 -1
108 48 -1
36 108 -1
103 98 -1
3 133 -1
133 98 -1
90 129 -1
50 138 -1
47 149 -1
40 103 -1
133 63 -1
47 53 -1
142 36 -1
75 2 -1
46 57 -1
129 60 -1
14 60 -1
104 50 -1
98 106 -1
2 147 -1
49 89 -1
2 78 -1
3 50 -1
131 47 -1
138 35 -1
