90 19 -1
38 125 -1
111 48 -1
114 27 -1
145 27 -1
142 99 -1
143 99 -1
104 80 -1
2 122 -1
119 65 -1
67 110 -1
80 36 -1
82 102 -1
11 96 -1
52 27 -1
123 47 -1
107 17 -1
78 10 -1
65 6 -1
114 90 -1
25 145 -1
49 66 -1
60 116 -1
59 5 -1
136 12 -1
93 121 -1
16 67 -1
68 40 -1
17 110 -1
95 120 -1
62 7 -1
137 54 -1
85 49 -1
134 12 -1
3 110 -1
137 17 -1
123 15 -1
110 31 -1
19 115 -1
1 105 -1
58 18 -1
148 18 -1
15 149 -1
138 77 -1
59 27 -1
132 46 -1
111 83 -1
82 12 -1
147 85 -1
123 89 -1
42 104 -1
55 6 -1
38 74 -1
122 91 -1
81 110 -1
131 91 -1
18 87 -1
137 72 -1
122 70 -1
109 16 -1
106 48 -1
59 116 -1
55 16 -1
25 145 -1
90 49 -1
86 21 -1
131 98 -1
2 81 -1
126 34 -1
123 81 -1
28 141 -1
70 22 -1
142 39 -1
66 114 -1
149 71 -1
99 111 -1
114 51 -1
51 13 -1
40 124 -1
46 138 -1
28 63 -1
3 97 -1
91 144 -1
69 8 -1
69 114 -1
100 78 -1
99 119 -1
51 100 -1
65 141 -1
7 110 -1
130 73 -1
0 119 -1
41 149 -1
57 48 -1
126 1 -1
19 90 -1
101 4 -1
71 102 -1
26 122 -1
53 143 -1
15 112 -1
19 75 -1
72 148 -1
73 19 -1
16 93 -1
18 73 -1
93 32 -1
86 23 -1
9 87 -1
42 91 -1
99 124 -1
95 125 -1
149 50 -1
118 14 -1
12 89 -1
85 143 -1
139 60 -1
51 9 -1
76 46 -1
79 41 -1
2 84 -1
127 77 -1
145 64 -1
21 146 -1
57 120 -1
121 55 -1
147 36 -1
118 57 -1
28 105 -1
50 17 -1
67 101 -1
26 106 -1
96 10 -1
30 67 -1
139 25 -1
33 74 -1
143 33 -1
97 48 -1
30 119 -1
3 105 -1
85 30 -1
5 103 -1
149 8 -1
31 109 -1
39 141 -1
49 101 -1
73 18 -1
142 1 -1
103 3 -1
127 96 -1
88 46 -1
118 43 -1
102 16 -1
100 23 -1
36 58 -1
80 41 -1
109 88 -1
124 4 -1
47 66 -1
47 148 -1
17 68 -1
62 23 -1
22 65 -1
0 55 -1
126 67 -1
23 71 -1
92 22 -1
98 17 -1
58 6 -1
98 1 -1
116 36 -1
27 136 -1
93 36 -1
13 91 -1
105 75 -1
17 69 -1
101 97 -1
46 120 -1
117 89 -1
114 41 -1
38 132 -1
1 96 -1
132 2 -1
114 70 -1
30 136 -1
56 25 -1
107 38 -1
101 2 -1
113 31 -1
57 132 -1
4 53 -1
27 57 -1
44 141 -1
98 134 -1
25 100 -1
133 7 -1
4 97 -1
130 34 -1
136 36 -1
112 83 -1
0 96 -1
85 16 -1
116 18 -1
73 145 -1
8 52 -1
104 50 -1
1 141 -1
76 3 -1
124 7 -1
123 94 -1
11 54 -1
56 7 -1
39 108 -1
103 27 -1
124 97 -1
100 28 -1
52 28 -1
75 35 -1
128 67 -1
137 31 -1
58 115 -1
34 84 -1
101 93 -1
109 37 -1
121 74 -1
145 30 -1
16 104 -1
35 78 -1
7 140 -1
28 87 -1
43 108 -1
13 141 -1
72 33 -1
74 32 -1
148 10 -1
116 1 -1
103 76 -1
22 99 -1
148 38 -1
129 14 -1
142 14 -1
57 100 -1
1 50 -1
57 25 -1
142 43 -1
109 43 -1
53 44 -1
7 54 -1
118 50 -1
55 117 -1
88 131 -1
133 2 -1
91 106 -1
76 41 -1
107 88 -1
86 119 -1
14 79 -1
82 115 -1
123 75 -1
16 81 -1
53 113 -1
140 9 -1
81 40 -1
64 48 -1
30 52 -1
30 54 -1
121 64 -1
129 52 -1
0 135 -1
90 131 -1
119 33 -1
121 84 -1
120 16 -1
10 113 -1
116 92 -1
15 146 -1
8 69 -1
19 102 -1
83 135 -1
61 111 -1
128 42 -1
132 86 -1
147 31 -1
21 75 -1
95 119 -1
42 134 -1
90 105 -1
110 58 -1
95 33 -1
81 1 -1
46 111 -1
95 47 -1
145 14 -1
68 16 -1
78 129 -1
75 111 -1
37 57 -1
58 43 -1
147 94 -1
133 95 -1
