90 19 -1
38 125 -1
111 48 -1
114 27 -1
145 27 -1
142 99 -1
143 99 -1
104 80 -1
2 122 -1
119 65 -1
67 110 -1
80 36 -1
82 102 -1
11 96 -1
52 27 -1
123 47 -1
107 17 -1
78 10 -1
65 6 -1
114 90 -1
25 145 -1
49 66 -1
60 116 -1
59 5 -1
136 12 -1
93 121 -1
16 67 -1
68 40 -1
17 110 -1
95 120 -1
62 7 -1
137 54 -1
85 49 -1
134 12 -1
3 110 -1
137 17 -1
123 15 -1
110 31 -1
19 115 -1
1 105 -1
58 18 -1
148 18 -1
15 149 -1
138 77 -1
59 27 -1
132 46 -1
111 83 -1
82 12 -1
147 85 -1
123 89 -1
42 104 -1
55 6 -1
38 74 -1
122 91 -1
81 110 -1
131 91 -1
18 87 -1
137 72 -1
122 70 -1
109 16 -1
106 48 -1
59 116 -1
55 16 -1
25 145 -1
90 49 -1
86 21 -1
131 98 -1
2 81 -1
126 34 -1
123 81 -1
28 141 -1
70 22 -1
142 39 -1
66 114 -1
149 71 -1
99 111 -1
114 51 -1
51 13 -1
40 124 -1
46 138 -1
28 63 -1
3 97 -1
91 144 -1
69 8 -1
69 114 -1
100 78 -1
99 119 -1
51 100 -1
65 141 -1
7 110 -1
130 73 -1
0 119 -1
41 149 -1
57 48 -1
126 1 -1
19 90 -1
101 4 -1
71 102 -1
26 122 -1
53 143 -1
