90 99 1
143 137 1
99 80 1
2 36 1
82 96 1
52 78 1
56 65 1
6 25 1
44 49 1
66 60 1
116 136 1
12 16 1
6 40 1
17 43 1
110 120 1
62 54 1
85 83 1
49 12 1
3 17 1
123 110 1
146 115 1
1 18 1
148 149 1
138 132 1
46 12 1
147 123 1
134 104 1
55 74 1
122 110 1
131 100 1
125 130 1
140 105 1
91 87 1
137 129 1
72 70 1
109 106 1
48 16 1
25 49 1
86 98 1
2 34 1
123 141 1
70 67 1
22 39 1
66 71 1
99 95 1
89 56 1
111 114 1
51 63 1
3 8 1
69 78 1
99 51 1
100 141 1
7 26 1
7 0 1
6 41 1
35 48 1
126 101 1
4 26 1
122 143 1
15 19 1
75 72 1
51 73 1
58 93 1
18 32 1
86 87 1
42 1 1
91 99 1
124 125 1
149 118 1
14 12 1
39 9 1
76 79 1
51 84 1
127 145 1
64 57 1
120 121 1
55 57 1
28 17 1
67 96 1
90 67 1
139 143 1
33 48 1
30 3 1
48 5 1
23 30 1
5 8 1
31 44 1
109 141 1
49 18 1
142 103 1
3 46 1
118 102 1
16 23 1
36 41 1
109 124 1
4 47 1
66 68 1
62 65 1
0 20 1
55 67 1
23 71 -1
92 22 -1
98 17 -1
58 6 -1
98 1 -1
116 36 -1
27 136 -1
93 36 -1
13 91 -1
105 75 -1
17 69 -1
101 97 -1
46 120 -1
117 89 -1
114 41 -1
38 132 -1
1 96 -1
132 2 -1
114 70 -1
30 136 -1
56 25 -1
107 38 -1
101 2 -1
113 31 -1
57 132 -1
4 53 -1
27 57 -1
44 141 -1
98 134 -1
25 100 -1
133 7 -1
4 97 -1
130 34 -1
136 36 -1
112 83 -1
0 96 -1
85 16 -1
116 18 -1
73 145 -1
8 52 -1
104 50 -1
1 141 -1
76 3 -1
124 7 -1
123 94 -1
11 54 -1
56 7 -1
39 108 -1
103 27 -1
124 97 -1
100 28 -1
52 28 -1
75 35 -1
128 67 -1
137 31 -1
58 115 -1
34 84 -1
101 93 -1
109 37 -1
121 74 -1
145 30 -1
16 104 -1
35 78 -1
7 140 -1
28 87 -1
43 108 -1
13 141 -1
72 33 -1
74 32 -1
148 10 -1
116 1 -1
103 76 -1
22 99 -1
148 38 -1
129 14 -1
142 14 -1
57 100 -1
1 50 -1
57 25 -1
142 43 -1
109 43 -1
53 44 -1
7 54 -1
118 50 -1
55 117 -1
88 131 -1
133 2 -1
91 106 -1
76 41 -1
107 88 -1
86 119 -1
14 79 -1
82 115 -1
123 75 -1
16 81 -1
53 113 -1
140 9 -1
81 40 -1
64 48 -1
30 52 -1
