90 99 1
143 137 1
99 80 1
2 36 1
82 96 1
52 78 1
56 65 1
6 25 1
44 49 1
66 60 1
116 136 1
12 16 1
6 40 1
17 43 1
110 120 1
62 54 1
85 83 1
49 12 1
3 17 1
123 110 1
146 115 1
1 18 1
148 149 1
138 132 1
46 12 1
147 123 1
134 104 1
55 74 1
122 110 1
131 100 1
125 130 1
140 105 1
91 87 1
137 129 1
72 70 1
109 106 1
48 16 1
25 49 1
86 98 1
2 34 1
123 141 1
70 67 1
22 39 1
66 71 1
99 95 1
89 56 1
111 114 1
51 63 1
3 8 1
69 78 1
99 51 1
100 141 1
7 26 1
7 0 1
6 41 1
35 48 1
126 101 1
4 26 1
122 143 1
15 19 1
75 72 1
51 73 1
58 93 1
18 32 1
86 87 1
42 1 1
91 99 1
124 125 1
149 118 1
14 12 1
39 9 1
76 79 1
51 84 1
127 145 1
64 57 1
120 121 1
55 57 1
28 17 1
67 96 1
90 67 1
139 143 1
33 48 1
30 3 1
48 5 1
23 30 1
5 8 1
31 44 1
109 141 1
49 18 1
142 103 1
3 46 1
118 102 1
16 23 1
36 41 1
109 124 1
4 47 1
66 68 1
62 65 1
0 20 1
55 67 1
23 19 1
71 92 1
22 17 1
58 98 1
1 36 1
27 22 1
136 105 1
75 69 1
101 120 1
117 114 1
41 38 1
132 114 1
70 56 1
25 38 1
101 113 1
118 132 1
4 37 1
53 57 1
44 25 1
100 133 1
7 4 1
97 83 1
0 16 1
116 145 1
8 7 1
52 50 1
1 3 1
124 135 1
7 11 1
54 56 1
7 39 1
108 103 1
27 28 1
52 75 1
60 67 1
137 115 1
34 37 1
121 145 1
30 16 1
104 140 1
28 43 1
108 141 1
72 74 1
32 10 1
116 103 1
76 99 1
148 129 1
14 1 1
11 45 1
12 24 1
50 25 -1
142 43 -1
109 43 -1
53 44 -1
7 54 -1
118 50 -1
55 117 -1
88 131 -1
133 2 -1
91 106 -1
76 41 -1
107 88 -1
86 119 -1
14 79 -1
82 115 -1
123 75 -1
16 81 -1
53 113 -1
140 9 -1
81 40 -1
64 48 -1
30 52 -1
30 54 -1
121 64 -1
129 52 -1
0 135 -1
90 131 -1
119 33 -1
121 84 -1
120 16 -1
10 113 -1
116 92 -1
15 146 -1
8 69 -1
19 102 -1
83 135 -1
61 111 -1
128 42 -1
132 86 -1
147 31 -1
21 75 -1
95 119 -1
42 134 -1
90 105 -1
110 58 -1
95 33 -1
81 1 -1
46 111 -1
95 47 -1
145 14 -1
68 16 -1
78 129 -1
75 111 -1
37 57 -1
58 43 -1
147 94 -1
133 95 -1
49 145 -1
124 9 -1
91 43 -1
35 63 -1
124 58 -1
139 83 -1
51 120 -1
52 137 -1
28 147 -1
134 33 -1
131 73 -1
28 106 -1
83 21 -1
20 80 -1
95 138 -1
123 32 -1
103 98 -1
16 139 -1
120 90 -1
90 127 -1
45 78 -1
5 114 -1
29 75 -1
96 5 -1
6 104 -1
88 26 -1
70 43 -1
109 19 -1
141 28 -1
82 32 -1
50 42 -1
6 62 -1
133 41 -1
149 77 -1
122 75 -1
127 35 -1
29 117 -1
114 37 -1
41 133 -1
53 44 -1
124 81 -1
126 59 -1
131 98 -1
101 39 -1
10 84 -1
75 19 -1
47 102 -1
20 134 -1
34 99 -1
142 42 -1
68 112 -1
95 112 -1
138 78 -1
141 99 -1
112 51 -1
1 53 -1
37 128 -1
72 137 -1
146 14 -1
39 111 -1
24 52 -1
52 25 -1
96 31 -1
68 15 -1
45 65 -1
29 86 -1
144 72 -1
35 106 -1
63 138 -1
9 116 -1
26 138 -1
38 134 -1
83 25 -1
97 36 -1
101 52 -1
89 127 -1
148 22 -1
97 120 -1
64 147 -1
56 110 -1
69 143 -1
66 133 -1
132 1 -1
60 18 -1
92 125 -1
54 25 -1
54 130 -1
50 1 -1
68 1 -1
105 7 -1
30 82 -1
29 71 -1
52 120 -1
