90 99 1
143 137 1
99 80 1
2 36 1
82 96 1
52 78 1
56 65 1
6 25 1
44 49 1
66 60 1
116 136 1
12 16 1
6 40 1
17 43 1
110 120 1
62 54 1
85 83 1
49 12 1
3 17 1
123 110 1
146 115 1
1 18 1
148 149 1
138 132 1
46 12 1
147 123 1
134 104 1
55 74 1
122 110 1
131 100 1
125 130 1
140 105 1
91 87 1
137 129 1
72 70 1
109 106 1
48 16 1
25 49 1
86 98 1
2 34 1
123 141 1
70 67 1
22 39 1
66 71 1
99 95 1
89 56 1
111 114 1
51 63 1
3 8 1
69 78 1
99 51 1
100 141 1
7 26 1
7 0 1
6 41 1
35 48 1
126 101 1
4 26 1
122 143 1
15 19 1
75 72 1
51 73 1
58 93 1
18 32 1
86 87 1
42 1 1
91 99 1
124 125 1
149 118 1
14 12 1
39 9 1
76 79 1
51 84 1
127 145 1
64 57 1
120 121 1
55 57 1
28 17 1
67 96 1
90 67 1
139 143 1
33 48 1
30 3 1
48 5 1
23 30 1
5 8 1
31 44 1
109 141 1
49 18 1
142 103 1
3 46 1
118 102 1
16 23 1
36 41 1
109 124 1
4 47 1
66 68 1
62 65 1
0 20 1
55 67 1
23 19 1
71 92 1
22 17 1
58 98 1
1 36 1
27 22 1
136 105 1
75 69 1
101 120 1
117 114 1
41 38 1
132 114 1
70 56 1
25 38 1
101 113 1
118 132 1
4 37 1
53 57 1
44 25 1
100 133 1
7 4 1
97 83 1
0 16 1
116 145 1
8 7 1
52 50 1
1 3 1
124 135 1
7 11 1
54 56 1
7 39 1
108 103 1
27 28 1
52 75 1
60 67 1
137 115 1
34 37 1
121 145 1
30 16 1
104 140 1
28 43 1
108 141 1
72 74 1
32 10 1
116 103 1
76 99 1
148 129 1
14 1 1
11 45 1
12 24 1
50 57 1
67 53 1
76 54 1
118 117 1
88 86 1
131 133 1
2 41 1
107 119 1
14 38 1
79 82 1
115 123 1
125 113 1
140 121 1
119 131 1
64 52 1
0 33 1
121 130 1
138 120 1
147 113 1
116 146 1
8 19 1
29 42 1
132 147 1
31 21 1
21 11 1
9 7 1
33 6 1
75 95 1
119 134 1
90 98 1
105 110 1
127 111 1
95 81 1
47 14 1
68 78 1
129 111 1
37 1 1
57 58 1
43 49 1
145 124 1
9 43 1
35 28 1
147 134 1
122 131 1
73 83 1
21 20 1
80 95 1
138 123 1
32 16 1
11 45 1
78 75 1
96 88 1
79 70 1
77 66 1
43 19 1
141 133 1
133 107 1
113 149 1
77 75 1
127 117 1
114 108 1
37 41 1
24 44 1
124 126 1
59 98 1
101 102 1
20 34 1
39 42 1
68 95 1
112 138 1
78 99 1
112 141 1
51 53 1
37 14 1
39 40 1
18 24 1
52 96 1
31 15 1
45 29 1
86 72 1
35 9 1
116 138 1
38 13 1
134 101 1
52 89 1
127 148 1
22 1 1
60 92 1
125 130 1
50 68 1
1 7 1
30 6 1
82 71 1
52 94 1
120 126 1
105 145 1
30 24 1
49 37 1
83 79 1
43 15 1
