90 99 1
143 137 1
99 80 1
2 36 1
82 96 1
52 78 1
56 65 1
6 25 1
44 49 1
66 60 1
116 136 1
12 16 1
6 40 1
17 43 1
110 120 1
62 54 1
85 83 1
49 12 1
3 17 1
123 110 1
146 115 1
1 18 1
148 149 1
138 132 1
46 12 1
147 123 1
134 104 1
55 74 1
122 110 1
131 100 1
125 130 1
140 105 1
91 87 1
137 129 1
72 70 1
109 106 1
48 16 1
25 49 1
86 98 1
2 34 1
123 141 1
70 67 1
22 39 1
66 71 1
99 95 1
89 56 1
111 114 1
51 63 1
3 8 1
69 78 1
99 119 -1
51 100 -1
65 141 -1
7 110 -1
130 73 -1
0 119 -1
41 149 -1
57 48 -1
126 1 -1
19 90 -1
101 4 -1
71 102 -1
26 122 -1
53 143 -1
15 112 -1
19 75 -1
72 148 -1
73 19 -1
16 93 -1
18 73 -1
93 32 -1
86 23 -1
9 87 -1
42 91 -1
99 124 -1
95 125 -1
149 50 -1
118 14 -1
12 89 -1
85 143 -1
139 60 -1
51 9 -1
76 46 -1
79 41 -1
2 84 -1
127 77 -1
145 64 -1
21 146 -1
57 120 -1
121 55 -1
147 36 -1
118 57 -1
28 105 -1
50 17 -1
67 101 -1
26 106 -1
96 10 -1
30 67 -1
139 25 -1
33 74 -1
