96 18 -1
90 40 -1
72 1 -1
64 124 -1
93 139 -1
52 141 -1
114 25 -1
1 115 -1
42 88 -1
108 73 -1
47 137 -1
118 4 -1
64 136 -1
74 115 -1
128 40 -1
18 94 -1
98 142 -1
37 88 -1
97 122 -1
82 149 -1
139 87 -1
98 47 -1
36 86 -1
4 85 -1
91 121 -1
71 27 -1
133 32 -1
58 23 -1
50 2 -1
23 95 -1
40 111 -1
42 121 -1
65 116 -1
56 27 -1
54 126 -1
90 147 -1
26 56 -1
118 98 -1
123 6 -1
105 6 -1
108 29 -1
53 148 -1
43 147 -1
21 116 -1
74 127 -1
22 83 -1
130 31 -1
23 71 -1
94 149 -1
52 40 -1
97 26 -1
88 43 -1
138 94 -1
1 70 -1
148 51 -1
15 145 -1
72 13 -1
48 54 -1
35 103 -1
39 135 -1
63 138 -1
131 37 -1
138 34 -1
78 137 -1
112 68 -1
120 98 -1
111 10 -1
42 132 -1
40 118 -1
147 88 -1
93 127 -1
101 43 -1
83 39 -1
147 34 -1
88 147 -1
15 125 -1
135 53 -1
24 63 -1
121 63 -1
135 57 -1
106 0 -1
39 89 -1
38 113 -1
66 42 -1
7 149 -1
81 122 -1
89 105 -1
36 123 -1
109 50 -1
74 113 -1
44 138 -1
0 101 -1
94 43 -1
44 72 -1
132 83 -1
88 48 -1
125 95 -1
47 108 -1
1 72 -1
99 132 -1
88 111 -1
132 77 -1
58 120 -1
77 116 -1
129 10 -1
103 41 -1
36 136 -1
130 39 -1
58 132 -1
32 92 -1
70 131 -1
13 90 -1
127 47 -1
124 54 -1
7 94 -1
33 68 -1
112 64 -1
75 25 -1
17 63 -1
20 111 -1
2 149 -1
40 75 -1
91 0 -1
57 123 -1
92 29 -1
6 63 -1
149 12 -1
123 90 -1
19 120 -1
25 139 -1
82 107 -1
9 120 -1
84 125 -1
21 124 -1
102 62 -1
138 91 -1
144 56 -1
45 68 -1
19 87 -1
139 30 -1
129 71 -1
22 81 -1
83 125 -1
13 53 -1
59 138 -1
126 85 -1
90 129 -1
28 146 -1
123 56 -1
104 71 -1
