96 85 1
18 40 1
72 76 1
1 25 1
1 45 1
115 108 1
73 64 1
136 115 1
128 142 1
37 47 1
36 35 1
86 85 1
91 71 1
67 58 1
23 2 1
23 40 1
111 121 1
65 66 1
53 56 1
27 26 1
56 98 1
123 145 1
133 105 1
6 29 1
53 74 1
127 130 1
31 23 1
71 94 1
72 52 1
40 26 1
88 80 1
84 94 1
1 15 1
145 103 1
39 15 1
135 138 1
131 138 1
34 10 1
42 15 1
132 118 1
147 127 1
101 147 1
123 106 1
34 15 1
125 135 1
101 121 1
144 135 1
57 89 1
38 42 1
7 36 1
123 109 1
141 113 1
44 0 1
101 132 1
83 88 1
48 47 1
108 132 1
88 98 1
70 61 1
57 62 1
111 132 1
77 58 1
120 116 1
129 104 1
10 41 1
36 22 1
38 39 1
58 92 1
70 90 1
127 124 1
54 94 1
33 25 1
17 20 1
111 149 1
40 0 1
57 92 1
29 6 1
7 12 1
123 120 1
25 9 1
30 21 1
124 102 1
112 124 1
62 91 1
144 126 1
56 68 1
19 5 1
87 71 1
22 43 1
81 83 1
125 138 1
126 129 1
28 23 1
90 79 1
58 52 1
80 87 1
35 13 1
62 88 1
94 81 1
85 71 1
