96 85 1
18 40 1
72 76 1
1 25 1
1 45 1
115 108 1
73 64 1
136 115 1
128 142 1
37 47 1
36 35 1
86 85 1
91 71 1
67 58 1
23 2 1
23 40 1
111 121 1
65 66 1
53 56 1
27 26 1
56 98 1
123 145 1
133 105 1
6 29 1
53 74 1
127 130 1
31 23 1
71 94 1
72 52 1
40 26 1
88 80 1
84 94 1
1 15 1
145 103 1
39 15 1
135 138 1
131 138 1
34 10 1
42 15 1
132 118 1
147 127 1
101 147 1
123 106 1
34 15 1
125 135 1
101 121 1
144 135 1
57 89 1
38 42 1
7 36 1
123 109 1
141 113 1
44 0 1
101 132 1
83 88 1
48 47 1
108 132 1
88 98 1
70 61 1
57 62 1
111 132 1
77 58 1
120 116 1
129 104 1
10 41 1
36 22 1
38 39 1
58 92 1
70 90 1
127 124 1
54 94 1
33 25 1
17 20 1
111 149 1
40 0 1
57 92 1
29 6 1
7 12 1
123 120 1
25 9 1
30 21 1
124 102 1
112 124 1
62 91 1
144 126 1
56 68 1
19 5 1
87 71 1
22 43 1
81 83 1
125 138 1
126 129 1
28 23 1
90 79 1
58 52 1
80 87 1
35 13 1
62 88 1
94 81 1
85 71 1
135 131 1
90 86 1
11 3 1
101 134 1
61 67 1
36 4 1
72 56 1
118 111 1
20 8 1
127 124 1
128 113 1
64 62 1
112 126 1
6 27 1
23 22 1
85 58 1
30 4 1
92 82 1
64 59 1
35 24 1
58 85 1
81 56 1
111 108 1
53 60 1
28 31 1
23 30 1
66 51 1
21 46 1
25 18 1
22 31 1
77 84 1
100 145 1
31 20 1
39 20 1
87 79 1
19 37 1
16 4 1
60 91 1
35 39 1
27 22 1
140 105 1
17 21 1
27 46 1
99 52 1
58 71 1
122 110 1
138 121 1
24 37 1
106 100 1
63 74 1
122 81 -1
41 126 -1
108 51 -1
74 110 -1
97 19 -1
12 58 -1
141 30 -1
116 96 -1
19 139 -1
22 56 -1
147 11 -1
10 61 -1
57 12 -1
124 36 -1
131 62 -1
77 9 -1
73 30 -1
83 33 -1
30 103 -1
45 88 -1
146 83 -1
118 14 -1
29 103 -1
95 106 -1
115 0 -1
66 127 -1
26 59 -1
12 142 -1
68 137 -1
74 1 -1
72 104 -1
104 19 -1
42 103 -1
11 132 -1
102 73 -1
138 48 -1
126 56 -1
91 31 -1
122 57 -1
72 35 -1
116 84 -1
27 86 -1
123 87 -1
45 108 -1
94 0 -1
97 17 -1
63 16 -1
52 16 -1
89 40 -1
116 71 -1
74 110 -1
102 47 -1
132 61 -1
21 79 -1
7 96 -1
15 130 -1
48 102 -1
25 98 -1
141 58 -1
97 9 -1
122 55 -1
6 125 -1
126 80 -1
137 78 -1
29 120 -1
139 50 -1
137 57 -1
84 135 -1
37 139 -1
114 92 -1
140 8 -1
0 87 -1
17 122 -1
103 32 -1
12 111 -1
87 115 -1
1 73 -1
43 95 -1
84 106 -1
40 91 -1
130 51 -1
132 4 -1
45 60 -1
73 105 -1
134 26 -1
94 14 -1
59 140 -1
4 138 -1
85 140 -1
69 18 -1
96 12 -1
87 37 -1
142 40 -1
20 138 -1
85 44 -1
143 66 -1
103 72 -1
74 18 -1
142 15 -1
78 100 -1
5 82 -1
89 142 -1
73 19 -1
72 109 -1
64 31 -1
105 80 -1
75 0 -1
61 118 -1
14 102 -1
61 146 -1
19 97 -1
76 123 -1
36 69 -1
98 34 -1
20 86 -1
129 29 -1
10 142 -1
110 44 -1
73 13 -1
140 73 -1
107 78 -1
70 140 -1
97 111 -1
139 24 -1
137 25 -1
145 24 -1
29 95 -1
115 48 -1
125 7 -1
36 71 -1
80 105 -1
84 116 -1
9 107 -1
106 28 -1
96 32 -1
67 24 -1
27 54 -1
100 56 -1
62 45 -1
22 79 -1
69 149 -1
106 76 -1
35 58 -1
42 123 -1
108 25 -1
6 141 -1
53 5 -1
23 120 -1
81 103 -1
76 31 -1
