96 85 1
18 40 1
72 76 1
1 25 1
1 45 1
115 108 1
73 64 1
136 115 1
128 142 1
37 47 1
36 35 1
86 85 1
91 71 1
67 58 1
23 2 1
23 40 1
111 121 1
65 66 1
53 56 1
27 26 1
56 98 1
123 145 1
133 105 1
6 29 1
53 74 1
127 130 1
31 23 1
71 94 1
72 52 1
40 26 1
88 80 1
84 94 1
1 15 1
145 103 1
39 15 1
135 138 1
131 138 1
34 10 1
42 15 1
132 118 1
147 127 1
101 147 1
123 106 1
34 15 1
125 135 1
101 121 1
144 135 1
57 89 1
38 42 1
7 36 1
123 109 1
141 113 1
44 0 1
101 132 1
83 88 1
48 47 1
108 132 1
88 98 1
70 61 1
57 62 1
111 132 1
77 58 1
120 116 1
129 104 1
10 41 1
36 22 1
38 39 1
58 92 1
70 90 1
127 124 1
54 94 1
33 25 1
17 20 1
111 149 1
40 0 1
57 92 1
29 6 1
7 12 1
123 120 1
25 9 1
30 21 1
124 102 1
112 124 1
62 91 1
144 126 1
56 68 1
19 5 1
87 71 1
22 43 1
81 83 1
125 138 1
126 129 1
28 23 1
90 79 1
58 52 1
80 87 1
35 13 1
62 88 1
94 81 1
85 71 1
135 131 1
90 86 1
11 3 1
101 134 1
61 67 1
36 4 1
72 56 1
118 111 1
20 8 1
127 124 1
128 113 1
64 62 1
112 126 1
6 27 1
23 22 1
85 58 1
30 4 1
92 82 1
64 59 1
35 24 1
58 85 1
81 56 1
111 108 1
53 60 1
28 31 1
23 30 1
66 51 1
21 46 1
25 18 1
22 31 1
77 84 1
100 145 1
31 20 1
39 20 1
87 79 1
19 37 1
16 4 1
60 91 1
35 39 1
27 22 1
140 105 1
17 21 1
27 46 1
99 52 1
58 71 1
122 110 1
138 121 1
24 37 1
106 100 1
63 74 1
122 105 1
81 51 1
74 97 1
19 12 1
58 96 1
19 22 1
56 61 1
57 62 1
77 73 1
30 33 1
30 45 1
88 83 1
118 103 1
95 53 1
89 66 1
127 142 1
68 74 1
1 19 1
42 3 1
103 132 1
102 138 1
48 31 1
122 120 1
57 72 1
35 27 1
86 87 1
45 0 1
97 63 1
16 40 1
116 117 1
71 74 1
110 102 1
47 21 1
17 7 1
96 98 1
141 122 1
114 113 1
138 105 1
55 80 1
137 120 1
139 137 1
120 135 1
37 34 1
139 114 1
92 87 1
17 32 1
12 1 1
73 95 1
84 81 1
83 91 1
130 132 1
146 143 1
122 105 1
134 140 1
4 18 1
96 87 1
37 40 1
20 44 1
143 131 1
104 103 1
72 74 1
87 98 1
18 15 1
78 82 1
89 73 1
60 63 1
19 31 1
105 118 1
14 4 1
42 4 1
102 146 1
19 41 1
97 76 1
123 129 1
135 142 1
110 137 1
44 13 1
140 107 1
144 140 1
97 95 1
115 136 1
132 145 1
48 7 1
36 9 1
14 28 1
96 67 1
24 27 1
54 56 1
62 79 1
69 76 1
35 28 1
58 53 1
5 23 1
120 103 1
76 83 1
89 57 1
54 88 1
14 32 1
25 24 1
93 67 1
