96 85 1
18 40 1
72 76 1
1 25 1
1 45 1
115 108 1
73 64 1
136 115 1
128 142 1
37 47 1
36 35 1
86 85 1
91 71 1
67 58 1
23 2 1
23 40 1
111 121 1
65 66 1
53 56 1
27 26 1
56 98 1
123 145 1
133 105 1
6 29 1
53 74 1
127 130 1
31 23 1
71 94 1
72 52 1
40 26 1
88 80 1
84 94 1
1 15 1
145 103 1
39 15 1
135 138 1
131 138 1
34 10 1
42 15 1
132 118 1
147 127 1
101 147 1
123 106 1
34 15 1
125 135 1
101 121 1
144 135 1
57 89 1
38 42 1
7 36 1
123 50 -1
74 113 -1
44 138 -1
0 101 -1
94 43 -1
44 72 -1
132 83 -1
88 48 -1
125 95 -1
47 108 -1
1 72 -1
99 132 -1
88 111 -1
132 77 -1
58 120 -1
77 116 -1
129 10 -1
103 41 -1
36 136 -1
130 39 -1
58 132 -1
32 92 -1
70 131 -1
13 90 -1
127 47 -1
124 54 -1
7 94 -1
33 68 -1
112 64 -1
75 25 -1
17 63 -1
20 111 -1
2 149 -1
40 75 -1
91 0 -1
57 123 -1
92 29 -1
6 63 -1
149 12 -1
123 90 -1
19 120 -1
25 139 -1
82 107 -1
9 120 -1
84 125 -1
21 124 -1
102 62 -1
138 91 -1
144 56 -1
45 68 -1
