96 85 1
18 40 1
72 76 1
1 25 1
1 45 1
115 108 1
73 64 1
136 115 1
128 142 1
37 47 1
36 35 1
86 85 1
91 71 1
67 58 1
23 2 1
23 40 1
111 121 1
65 66 1
53 56 1
27 26 1
56 98 1
123 145 1
133 105 1
6 29 1
53 74 1
127 130 1
31 23 1
71 94 1
72 52 1
40 26 1
88 80 1
84 94 1
1 15 1
145 103 1
39 15 1
135 138 1
131 138 1
34 10 1
42 15 1
132 118 1
147 127 1
101 147 1
123 106 1
34 15 1
125 135 1
101 121 1
144 135 1
57 89 1
38 42 1
7 36 1
123 109 1
141 113 1
44 0 1
101 132 1
83 88 1
48 47 1
108 132 1
88 98 1
70 61 1
57 62 1
111 132 1
77 58 1
120 116 1
129 104 1
10 41 1
36 22 1
38 39 1
58 92 1
70 90 1
127 124 1
54 94 1
33 25 1
17 20 1
111 149 1
40 0 1
57 123 -1
92 29 -1
6 63 -1
149 12 -1
123 90 -1
19 120 -1
25 139 -1
82 107 -1
9 120 -1
84 125 -1
21 124 -1
102 62 -1
138 91 -1
144 56 -1
45 68 -1
19 87 -1
139 30 -1
129 71 -1
22 81 -1
83 125 -1
13 53 -1
59 138 -1
126 85 -1
90 129 -1
28 146 -1
123 56 -1
104 71 -1
68 23 -1
90 125 -1
12 79 -1
58 141 -1
52 35 -1
13 62 -1
48 118 -1
24 88 -1
94 109 -1
81 135 -1
64 131 -1
90 5 -1
86 11 -1
125 11 -1
3 101 -1
23 134 -1
61 36 -1
141 4 -1
72 118 -1
22 111 -1
20 56 -1
94 8 -1
127 79 -1
124 64 -1
35 101 -1
127 62 -1
112 32 -1
65 37 -1
16 126 -1
6 53 -1
117 62 -1
27 83 -1
101 99 -1
127 22 -1
85 30 -1
62 138 -1
4 92 -1
101 0 -1
40 118 -1
33 105 -1
5 82 -1
64 4 -1
101 31 -1
27 59 -1
35 126 -1
89 149 -1
148 24 -1
58 28 -1
