1 83 -1
124 26 -1
13 75 -1
13 128 -1
35 54 -1
64 14 -1
103 52 -1
91 149 -1
17 104 -1
18 129 -1
123 72 -1
82 120 -1
70 30 -1
23 56 -1
49 69 -1
94 124 -1
83 29 -1
126 44 -1
131 72 -1
43 147 -1
89 147 -1
67 121 -1
22 95 -1
104 6 -1
16 81 -1
72 131 -1
141 89 -1
7 126 -1
11 69 -1
6 96 -1
102 73 -1
88 100 -1
146 33 -1
149 82 -1
67 10 -1
105 5 -1
106 63 -1
24 50 -1
144 46 -1
27 139 -1
135 35 -1
116 49 -1
6 141 -1
102 64 -1
93 128 -1
112 2 -1
111 96 -1
64 101 -1
20 79 -1
14 96 -1
130 61 -1
94 26 -1
88 25 -1
102 83 -1
126 5 -1
88 4 -1
70 31 -1
132 84 -1
59 109 -1
86 20 -1
56 1 -1
86 126 -1
20 114 -1
126 27 -1
100 39 -1
105 54 -1
38 132 -1
59 126 -1
136 31 -1
59 118 -1
116 78 -1
52 139 -1
36 105 -1
128 95 -1
29 123 -1
101 62 -1
65 122 -1
90 19 -1
135 57 -1
79 112 -1
43 110 -1
21 128 -1
42 142 -1
31 84 -1
80 38 -1
114 77 -1
67 10 -1
51 18 -1
58 113 -1
136 82 -1
105 52 -1
30 90 -1
87 146 -1
104 8 -1
125 45 -1
137 70 -1
89 4 -1
19 108 -1
118 78 -1
30 101 -1
96 134 -1
72 27 -1
121 58 -1
130 71 -1
91 41 -1
98 38 -1
28 127 -1
98 48 -1
108 42 -1
47 124 -1
148 19 -1
36 110 -1
6 65 -1
81 140 -1
84 41 -1
23 64 -1
103 73 -1
92 24 -1
51 102 -1
43 146 -1
139 17 -1
47 132 -1
12 102 -1
3 76 -1
69 136 -1
67 3 -1
80 8 -1
115 56 -1
14 50 -1
38 89 -1
44 91 -1
146 81 -1
139 99 -1
36 61 -1
133 53 -1
105 10 -1
130 25 -1
49 99 -1
28 129 -1
91 147 -1
5 99 -1
43 143 -1
133 65 -1
8 66 -1
45 88 -1
101 48 -1
95 4 -1
3 106 -1
36 135 -1
109 36 -1
76 100 -1
130 73 -1
105 14 -1
22 50 -1
92 33 -1
59 0 -1
68 136 -1
118 15 -1
74 115 -1
72 118 -1
28 110 -1
49 85 -1
96 121 -1
74 3 -1
50 21 -1
12 54 -1
123 1 -1
107 41 -1
137 75 -1
108 35 -1
121 63 -1
81 7 -1
21 121 -1
24 54 -1
40 94 -1
28 61 -1
8 70 -1
17 131 -1
123 23 -1
110 33 -1
74 149 -1
9 120 -1
57 127 -1
103 4 -1
27 101 -1
89 34 -1
125 45 -1
74 121 -1
73 135 -1
129 46 -1
54 111 -1
71 36 -1
32 121 -1
8 54 -1
89 146 -1
7 93 -1
76 40 -1
6 54 -1
76 114 -1
26 52 -1
