1 83 -1
124 26 -1
13 75 -1
13 128 -1
35 54 -1
64 14 -1
103 52 -1
91 149 -1
17 104 -1
18 129 -1
123 72 -1
82 120 -1
70 30 -1
23 56 -1
49 69 -1
94 124 -1
83 29 -1
126 44 -1
131 72 -1
43 147 -1
89 147 -1
67 121 -1
22 95 -1
104 6 -1
16 81 -1
72 131 -1
141 89 -1
7 126 -1
11 69 -1
6 96 -1
102 73 -1
88 100 -1
146 33 -1
149 82 -1
67 10 -1
105 5 -1
106 63 -1
24 50 -1
144 46 -1
27 139 -1
135 35 -1
116 49 -1
6 141 -1
102 64 -1
93 128 -1
112 2 -1
111 96 -1
64 101 -1
20 79 -1
14 96 -1
130 61 -1
94 26 -1
88 25 -1
102 83 -1
126 5 -1
88 4 -1
70 31 -1
132 84 -1
59 109 -1
86 20 -1
56 1 -1
86 126 -1
20 114 -1
126 27 -1
100 39 -1
105 54 -1
38 132 -1
59 126 -1
136 31 -1
59 118 -1
116 78 -1
52 139 -1
36 105 -1
128 95 -1
29 123 -1
101 62 -1
65 122 -1
90 19 -1
135 57 -1
79 112 -1
43 110 -1
21 128 -1
42 142 -1
31 84 -1
80 38 -1
114 77 -1
67 10 -1
51 18 -1
58 113 -1
136 82 -1
105 52 -1
30 90 -1
87 146 -1
104 8 -1
125 45 -1
137 70 -1
89 4 -1
19 108 -1
118 78 -1
30 101 -1
