1 26 1
13 37 1
75 54 1
64 52 1
91 51 1
149 104 1
18 30 1
23 4 1
56 69 1
94 83 1
72 61 1
29 44 1
131 142 1
148 147 1
89 67 1
121 104 1
6 16 1
37 7 1
126 102 1
73 88 1
100 146 1
33 10 1
105 106 1
111 144 1
148 139 1
135 116 1
49 6 1
24 2 1
111 101 1
20 14 1
96 61 1
94 88 1
84 63 1
25 5 1
88 70 1
31 20 1
56 86 1
59 73 1
68 54 1
38 31 1
59 78 1
52 95 1
29 46 1
123 101 1
146 122 1
90 68 1
63 97 1
74 57 1
79 84 1
80 77 1
67 51 1
18 30 1
15 8 1
125 137 1
70 89 1
70 78 1
30 27 1
121 134 1
117 130 1
71 91 1
41 38 1
28 18 1
127 108 1
42 47 1
36 19 1
36 38 1
110 140 1
84 64 1
103 102 1
43 17 1
47 24 1
132 102 1
3 8 1
115 146 1
81 99 1
36 10 1
130 129 1
91 89 1
94 99 1
43 26 1
143 133 1
117 139 1
65 66 1
45 48 1
95 76 1
100 130 1
73 50 1
92 67 1
33 0 1
68 74 1
69 72 1
74 85 1
96 60 1
121 123 1
1 41 1
137 108 1
113 145 1
125 121 1
146 121 1
24 40 1
