1 26 1
13 37 1
75 54 1
64 52 1
91 51 1
149 104 1
18 30 1
23 4 1
56 69 1
94 83 1
72 61 1
29 44 1
131 142 1
148 147 1
89 67 1
121 104 1
6 16 1
37 7 1
126 102 1
73 88 1
100 146 1
33 10 1
105 106 1
111 144 1
148 139 1
135 116 1
49 6 1
24 2 1
111 101 1
20 14 1
96 61 1
94 88 1
84 63 1
25 5 1
88 70 1
31 20 1
56 86 1
59 73 1
68 54 1
38 31 1
59 78 1
52 95 1
29 46 1
123 101 1
146 122 1
90 68 1
63 97 1
74 57 1
79 84 1
80 77 1
67 51 1
18 30 1
15 8 1
125 137 1
70 89 1
70 78 1
30 27 1
121 134 1
117 130 1
71 91 1
41 38 1
28 18 1
127 108 1
42 47 1
36 19 1
36 38 1
110 140 1
84 64 1
103 102 1
43 17 1
47 24 1
132 102 1
3 8 1
115 146 1
81 99 1
36 10 1
130 129 1
91 89 1
94 99 1
43 26 1
143 133 1
117 139 1
65 66 1
45 48 1
95 76 1
100 130 1
73 50 1
92 67 1
33 0 1
68 74 1
69 72 1
74 85 1
96 60 1
121 123 1
1 41 1
137 108 1
113 145 1
125 121 1
146 121 1
24 40 1
94 28 -1
61 8 -1
70 17 -1
131 23 -1
110 33 -1
74 149 -1
9 120 -1
57 127 -1
103 4 -1
27 101 -1
89 34 -1
125 45 -1
74 121 -1
73 135 -1
129 46 -1
54 111 -1
71 36 -1
32 121 -1
8 54 -1
89 146 -1
7 93 -1
76 40 -1
6 54 -1
76 114 -1
26 52 -1
1 57 -1
0 108 -1
70 39 -1
106 5 -1
124 13 -1
58 12 -1
85 112 -1
102 81 -1
119 97 -1
59 104 -1
86 144 -1
141 72 -1
11 69 -1
26 64 -1
28 99 -1
149 5 -1
87 18 -1
145 5 -1
9 104 -1
87 129 -1
103 48 -1
93 135 -1
88 104 -1
28 149 -1
36 81 -1
27 114 -1
6 114 -1
119 21 -1
57 104 -1
75 114 -1
81 145 -1
35 134 -1
88 21 -1
78 101 -1
89 115 -1
100 27 -1
99 30 -1
44 105 -1
58 33 -1
72 40 -1
147 21 -1
4 131 -1
107 51 -1
16 144 -1
41 119 -1
109 40 -1
75 30 -1
12 108 -1
29 103 -1
80 125 -1
136 61 -1
134 37 -1
77 128 -1
130 46 -1
100 98 -1
65 112 -1
127 34 -1
2 52 -1
138 0 -1
86 142 -1
108 32 -1
139 69 -1
15 69 -1
96 1 -1
130 80 -1
91 109 -1
59 105 -1
73 20 -1
36 76 -1
106 90 -1
30 94 -1
79 15 -1
94 15 -1
7 105 -1
33 92 -1
