1 26 1
13 37 1
75 54 1
64 52 1
91 51 1
149 104 1
18 30 1
23 4 1
56 69 1
94 83 1
72 61 1
29 44 1
131 142 1
148 147 1
89 67 1
121 104 1
6 16 1
37 7 1
126 102 1
73 88 1
100 146 1
33 10 1
105 106 1
111 144 1
148 139 1
135 116 1
49 6 1
24 2 1
111 101 1
20 14 1
96 61 1
94 88 1
84 63 1
25 5 1
88 70 1
31 20 1
56 86 1
59 73 1
68 54 1
38 31 1
59 78 1
52 95 1
29 46 1
123 101 1
146 122 1
90 68 1
63 97 1
74 57 1
79 84 1
80 77 1
67 51 1
18 30 1
15 8 1
125 137 1
70 89 1
70 78 1
30 27 1
121 134 1
117 130 1
71 91 1
41 38 1
28 18 1
127 108 1
42 47 1
36 19 1
36 38 1
110 140 1
84 64 1
103 102 1
43 17 1
47 24 1
132 102 1
3 8 1
115 146 1
81 99 1
36 10 1
130 129 1
91 89 1
94 99 1
43 26 1
143 133 1
117 139 1
65 66 1
45 48 1
95 76 1
100 130 1
73 50 1
92 67 1
33 0 1
68 74 1
69 72 1
74 85 1
96 60 1
121 123 1
1 41 1
137 108 1
113 145 1
125 121 1
146 121 1
24 40 1
94 61 1
8 17 1
131 123 1
124 110 1
102 149 1
9 11 1
120 127 1
103 101 1
89 74 1
121 135 1
129 111 1
71 81 1
36 32 1
33 8 1
32 19 1
54 89 1
146 114 1
26 1 1
57 70 1
71 58 1
12 11 1
69 64 1
28 26 1
22 5 1
87 93 1
57 88 1
104 149 1
36 27 1
114 119 1
136 104 1
75 97 1
114 145 1
35 21 1
78 98 1
101 115 1
100 105 1
58 60 1
74 96 1
81 72 1
74 51 1
16 41 1
10 15 1
119 109 1
117 110 1
126 119 1
40 30 1
12 46 1
7 29 1
40 30 1
103 125 1
136 61 -1
134 37 -1
77 128 -1
130 46 -1
100 98 -1
65 112 -1
127 34 -1
2 52 -1
138 0 -1
86 142 -1
108 32 -1
139 69 -1
15 69 -1
96 1 -1
130 80 -1
91 109 -1
59 105 -1
73 20 -1
36 76 -1
106 90 -1
30 94 -1
79 15 -1
94 15 -1
7 105 -1
33 92 -1
146 65 -1
48 97 -1
30 108 -1
89 127 -1
108 96 -1
50 18 -1
138 35 -1
27 79 -1
118 23 -1
60 133 -1
118 43 -1
125 10 -1
135 14 -1
144 88 -1
114 56 -1
87 145 -1
60 45 -1
136 37 -1
3 83 -1
139 3 -1
128 50 -1
82 109 -1
18 106 -1
19 54 -1
126 48 -1
149 72 -1
27 62 -1
142 86 -1
149 44 -1
123 85 -1
99 108 -1
75 114 -1
14 53 -1
67 137 -1
52 135 -1
41 80 -1
33 92 -1
31 76 -1
5 74 -1
8 67 -1
118 95 -1
66 105 -1
143 12 -1
130 79 -1
14 141 -1
56 30 -1
57 11 -1
97 3 -1
75 108 -1
60 28 -1
38 145 -1
121 94 -1
99 127 -1
18 97 -1
136 13 -1
143 0 -1
78 25 -1
131 92 -1
68 37 -1
24 125 -1
48 122 -1
31 109 -1
139 85 -1
39 79 -1
133 62 -1
103 77 -1
64 147 -1
74 28 -1
35 93 -1
80 21 -1
105 63 -1
15 76 -1
100 40 -1
51 123 -1
64 114 -1
105 99 -1
27 58 -1
26 143 -1
41 75 -1
67 121 -1
12 148 -1
117 92 -1
79 40 -1
99 142 -1
56 25 -1
145 77 -1
46 62 -1
61 24 -1
137 35 -1
88 3 -1
42 82 -1
100 75 -1
44 92 -1
142 15 -1
104 42 -1
132 46 -1
122 23 -1
48 114 -1
131 73 -1
11 52 -1
57 145 -1
16 82 -1
34 103 -1
72 37 -1
145 97 -1
41 70 -1
142 57 -1
24 91 -1
123 6 -1
16 147 -1
146 34 -1
28 101 -1
144 23 -1
117 70 -1
50 147 -1
65 19 -1
62 40 -1
18 110 -1
10 63 -1
134 45 -1
56 107 -1
103 73 -1
128 28 -1
122 27 -1
115 53 -1
