1 26 1
13 37 1
75 54 1
64 52 1
91 51 1
149 104 1
18 30 1
23 4 1
56 69 1
94 83 1
72 61 1
29 44 1
131 142 1
148 147 1
89 67 1
121 104 1
6 16 1
37 7 1
126 102 1
73 88 1
100 146 1
33 10 1
105 106 1
111 144 1
148 139 1
135 116 1
49 6 1
24 2 1
111 101 1
20 14 1
96 61 1
94 88 1
84 63 1
25 5 1
88 70 1
31 20 1
56 86 1
59 73 1
68 54 1
38 31 1
59 78 1
52 95 1
29 46 1
123 101 1
146 122 1
90 68 1
63 97 1
74 57 1
79 84 1
80 77 1
67 51 1
18 30 1
15 8 1
125 137 1
70 89 1
70 78 1
30 27 1
121 134 1
117 130 1
71 91 1
41 38 1
28 18 1
127 108 1
42 47 1
36 19 1
36 38 1
110 140 1
84 64 1
103 102 1
43 17 1
47 24 1
132 102 1
3 8 1
115 146 1
81 99 1
36 10 1
130 129 1
91 89 1
94 99 1
43 26 1
143 133 1
117 139 1
65 66 1
45 48 1
95 76 1
100 130 1
73 50 1
92 67 1
33 0 1
68 74 1
69 72 1
74 85 1
96 60 1
121 123 1
1 41 1
137 108 1
113 145 1
125 121 1
146 121 1
24 40 1
94 61 1
8 17 1
131 123 1
124 110 1
102 149 1
9 11 1
120 127 1
103 101 1
89 74 1
121 135 1
129 111 1
71 81 1
36 32 1
33 8 1
32 19 1
54 89 1
146 114 1
26 1 1
57 70 1
71 58 1
12 11 1
69 64 1
28 26 1
22 5 1
87 93 1
57 88 1
104 149 1
36 27 1
114 119 1
136 104 1
75 97 1
114 145 1
35 21 1
78 98 1
101 115 1
100 105 1
58 60 1
74 96 1
81 72 1
74 51 1
16 41 1
10 15 1
119 109 1
117 110 1
126 119 1
40 30 1
12 46 1
7 29 1
40 30 1
103 125 1
136 134 1
37 46 1
100 112 1
127 138 1
138 135 1
0 32 1
139 130 1
80 91 1
109 105 1
73 99 1
20 36 1
76 90 1
30 15 1
94 92 1
146 102 1
107 108 1
89 96 1
50 57 1
18 35 1
27 23 1
60 88 1
114 145 1
60 83 1
139 113 1
3 18 1
106 126 1
48 27 1
30 44 1
123 108 1
75 53 1
67 96 1
64 52 1
135 118 1
95 66 1
105 143 1
12 14 1
141 108 1
60 94 1
99 97 1
136 105 1
13 0 1
78 92 1
68 85 1
39 28 1
35 29 1
93 80 1
81 63 1
15 40 1
51 64 1
82 76 1
75 64 1
114 105 1
99 58 1
26 41 1
75 67 1
121 148 1
117 142 1
56 77 1
46 24 1
137 100 1
115 142 1
15 42 1
132 122 1
23 48 1
114 131 1
73 52 1
57 82 1
34 37 1
145 110 1
120 147 1
127 142 1
57 91 1
123 147 1
146 101 1
144 117 1
128 109 1
70 50 1
147 110 1
10 45 1
56 73 1
128 122 1
27 11 1
128 139 1
88 67 1
39 34 1
102 148 1
44 24 1
4 34 1
26 33 1
26 33 1
44 30 1
85 74 1
64 88 1
78 58 1
67 84 1
65 75 1
85 93 1
143 110 1
149 137 1
84 91 1
68 73 1
102 113 1
36 27 1
26 40 1
18 5 1
100 138 1
116 118 1
5 44 1
101 125 1
93 77 1
11 15 1
3 42 1
74 61 1
99 56 1
104 124 1
45 29 1
113 110 1
130 146 1
108 125 1
21 43 1
25 33 1
137 136 1
114 139 1
43 6 1
67 79 1
135 127 1
145 103 1
102 113 1
142 149 1
41 49 1
90 87 1
35 15 1
24 36 1
3 19 1
146 128 1
144 125 1
45 27 1
133 107 1
107 123 1
79 92 1
142 132 1
29 7 1
7 10 1
115 100 1
134 116 1
96 83 1
11 45 1
110 144 1
55 78 1
4 8 1
