1 26 1
13 37 1
75 54 1
64 52 1
91 51 1
149 104 1
18 30 1
23 4 1
56 69 1
94 83 1
72 61 1
29 44 1
131 142 1
148 147 1
89 67 1
121 104 1
6 16 1
37 7 1
126 102 1
73 88 1
100 146 1
33 10 1
105 106 1
111 144 1
148 139 1
135 116 1
49 6 1
24 2 1
111 101 1
20 14 1
96 61 1
94 88 1
84 63 1
25 5 1
88 70 1
31 20 1
56 86 1
59 73 1
68 54 1
38 31 1
59 78 1
52 95 1
29 46 1
123 101 1
146 122 1
90 68 1
63 97 1
74 57 1
79 84 1
80 77 1
67 10 -1
51 18 -1
58 113 -1
136 82 -1
105 52 -1
30 90 -1
87 146 -1
104 8 -1
125 45 -1
137 70 -1
89 4 -1
19 108 -1
118 78 -1
30 101 -1
96 134 -1
72 27 -1
121 58 -1
130 71 -1
91 41 -1
98 38 -1
28 127 -1
98 48 -1
108 42 -1
47 124 -1
148 19 -1
36 110 -1
6 65 -1
81 140 -1
84 41 -1
23 64 -1
103 73 -1
92 24 -1
51 102 -1
43 146 -1
139 17 -1
47 132 -1
12 102 -1
3 76 -1
69 136 -1
67 3 -1
80 8 -1
115 56 -1
14 50 -1
38 89 -1
44 91 -1
146 81 -1
139 99 -1
36 61 -1
133 53 -1
105 10 -1
