1 26 1
13 37 1
75 54 1
64 52 1
91 51 1
149 104 1
18 30 1
23 4 1
56 69 1
94 83 1
72 61 1
29 44 1
131 142 1
148 147 1
89 67 1
121 104 1
6 16 1
37 7 1
126 102 1
73 88 1
100 146 1
33 10 1
105 106 1
111 144 1
148 139 1
135 116 1
49 6 1
24 2 1
111 101 1
20 14 1
96 61 1
94 88 1
84 63 1
25 5 1
88 70 1
31 20 1
56 86 1
59 73 1
68 54 1
38 31 1
59 78 1
52 95 1
29 46 1
123 101 1
146 122 1
90 68 1
63 97 1
74 57 1
79 84 1
80 77 1
67 51 1
18 30 1
15 8 1
125 137 1
70 89 1
70 78 1
30 27 1
121 134 1
117 130 1
71 91 1
41 38 1
28 18 1
127 108 1
42 47 1
36 19 1
36 38 1
110 140 1
84 64 1
103 102 1
43 17 1
47 24 1
132 102 1
3 8 1
115 146 1
81 99 1
36 61 -1
133 53 -1
105 10 -1
130 25 -1
49 99 -1
28 129 -1
91 147 -1
5 99 -1
43 143 -1
133 65 -1
8 66 -1
45 88 -1
101 48 -1
95 4 -1
3 106 -1
36 135 -1
109 36 -1
76 100 -1
130 73 -1
105 14 -1
22 50 -1
92 33 -1
59 0 -1
68 136 -1
118 15 -1
74 115 -1
72 118 -1
28 110 -1
49 85 -1
96 121 -1
74 3 -1
50 21 -1
12 54 -1
123 1 -1
107 41 -1
137 75 -1
108 35 -1
121 63 -1
81 7 -1
21 121 -1
24 54 -1
40 94 -1
28 61 -1
8 70 -1
17 131 -1
123 23 -1
110 33 -1
74 149 -1
9 120 -1
57 127 -1
103 4 -1
27 101 -1
89 34 -1
125 45 -1
74 121 -1
73 135 -1
129 46 -1
54 111 -1
71 36 -1
32 121 -1
8 54 -1
89 146 -1
7 93 -1
76 40 -1
6 54 -1
76 114 -1
26 52 -1
1 57 -1
0 108 -1
70 39 -1
106 5 -1
124 13 -1
58 12 -1
85 112 -1
102 81 -1
