25 65 -1
60 26 -1
82 20 -1
99 123 -1
31 126 -1
98 48 -1
10 70 -1
126 28 -1
86 14 -1
55 129 -1
123 81 -1
110 73 -1
2 67 -1
96 27 -1
34 58 -1
99 140 -1
21 53 -1
137 15 -1
35 123 -1
87 7 -1
1 115 -1
93 15 -1
72 138 -1
3 85 -1
23 77 -1
139 23 -1
16 133 -1
18 88 -1
123 39 -1
0 144 -1
137 3 -1
61 28 -1
148 29 -1
113 77 -1
44 52 -1
84 39 -1
108 18 -1
28 93 -1
96 29 -1
76 114 -1
19 101 -1
56 20 -1
141 50 -1
59 46 -1
112 36 -1
74 12 -1
19 103 -1
28 96 -1
147 50 -1
82 117 -1
94 26 -1
148 80 -1
45 136 -1
117 45 -1
37 91 -1
51 115 -1
68 134 -1
21 91 -1
133 71 -1
57 115 -1
25 147 -1
93 44 -1
143 14 -1
10 64 -1
91 118 -1
77 16 -1
13 119 -1
128 33 -1
15 50 -1
26 148 -1
121 84 -1
135 26 -1
101 10 -1
75 107 -1
68 110 -1
117 25 -1
58 107 -1
45 110 -1
106 55 -1
18 76 -1
85 145 -1
11 100 -1
45 68 -1
23 136 -1
94 26 -1
48 71 -1
122 5 -1
41 83 -1
123 83 -1
10 83 -1
40 55 -1
23 134 -1
67 130 -1
39 85 -1
108 80 -1
119 27 -1
58 127 -1
95 113 -1
91 108 -1
64 133 -1
69 106 -1
66 39 -1
128 80 -1
132 85 -1
103 2 -1
135 5 -1
139 93 -1
31 122 -1
114 8 -1
149 23 -1
38 95 -1
7 53 -1
88 115 -1
117 3 -1
98 109 -1
66 33 -1
50 113 -1
32 83 -1
119 50 -1
137 99 -1
116 49 -1
98 139 -1
139 95 -1
48 86 -1
14 62 -1
89 14 -1
1 100 -1
133 87 -1
52 131 -1
102 65 -1
71 37 -1
52 145 -1
29 80 -1
134 30 -1
46 85 -1
31 88 -1
75 28 -1
136 20 -1
114 52 -1
82 119 -1
136 55 -1
102 73 -1
108 25 -1
95 132 -1
103 77 -1
29 65 -1
117 1 -1
148 95 -1
128 26 -1
134 50 -1
141 36 -1
132 96 -1
57 118 -1
54 12 -1
47 119 -1
9 97 -1
118 43 -1
102 97 -1
73 39 -1
6 138 -1
6 111 -1
41 109 -1
71 121 -1
73 129 -1
104 72 -1
89 124 -1
126 0 -1
120 40 -1
47 89 -1
49 145 -1
109 67 -1
38 114 -1
108 44 -1
75 149 -1
100 86 -1
71 33 -1
29 61 -1
48 132 -1
0 75 -1
10 50 -1
48 95 -1
47 146 -1
94 5 -1
115 35 -1
119 73 -1
131 96 -1
73 33 -1
144 17 -1
62 25 -1
25 137 -1
8 114 -1
18 121 -1
126 45 -1
122 71 -1
144 20 -1
67 149 -1
136 59 -1
84 116 -1
132 68 -1
149 28 -1
85 114 -1
19 110 -1
139 58 -1
20 91 -1
93 31 -1
62 121 -1
128 86 -1
42 122 -1
107 11 -1
23 93 -1
114 2 -1
100 9 -1
37 117 -1
103 25 -1
136 14 -1
44 81 -1
66 129 -1
76 149 -1
93 47 -1
29 141 -1
1 76 -1
131 19 -1
119 36 -1
119 39 -1
138 92 -1
44 131 -1
9 79 -1
25 144 -1
78 139 -1
143 21 -1
37 75 -1
103 28 -1
128 83 -1
55 25 -1
102 24 -1
61 123 -1
3 88 -1
64 43 -1
30 108 -1
56 20 -1
38 89 -1
119 49 -1
135 48 -1
90 30 -1
121 74 -1
58 43 -1
139 91 -1
48 54 -1
21 69 -1
142 74 -1
