25 65 -1
60 26 -1
82 20 -1
99 123 -1
31 126 -1
98 48 -1
10 70 -1
126 28 -1
86 14 -1
55 129 -1
123 81 -1
110 73 -1
2 67 -1
96 27 -1
34 58 -1
99 140 -1
21 53 -1
137 15 -1
35 123 -1
87 7 -1
1 115 -1
93 15 -1
72 138 -1
3 85 -1
23 77 -1
139 23 -1
16 133 -1
18 88 -1
123 39 -1
0 144 -1
137 3 -1
61 28 -1
148 29 -1
113 77 -1
44 52 -1
84 39 -1
108 18 -1
28 93 -1
96 29 -1
76 114 -1
19 101 -1
56 20 -1
141 50 -1
59 46 -1
112 36 -1
74 12 -1
19 103 -1
28 96 -1
147 50 -1
82 117 -1
94 26 -1
148 80 -1
45 136 -1
117 45 -1
37 91 -1
51 115 -1
68 134 -1
21 91 -1
133 71 -1
57 115 -1
25 147 -1
93 44 -1
143 14 -1
10 64 -1
91 118 -1
77 16 -1
13 119 -1
128 33 -1
15 50 -1
26 148 -1
121 84 -1
135 26 -1
101 10 -1
75 107 -1
68 110 -1
117 25 -1
58 107 -1
45 110 -1
106 55 -1
18 76 -1
85 145 -1
11 100 -1
45 68 -1
23 136 -1
94 26 -1
48 71 -1
122 5 -1
41 83 -1
123 83 -1
10 83 -1
40 55 -1
23 134 -1
67 130 -1
39 85 -1
108 80 -1
119 27 -1
58 127 -1
95 113 -1
91 108 -1
64 133 -1
