25 26 1
82 99 1
123 126 1
98 60 1
48 10 1
20 28 1
86 55 1
129 123 1
81 73 1
2 27 1
34 21 1
10 15 1
53 87 1
7 1 1
115 138 1
3 23 1
77 88 1
123 144 1
137 148 1
133 113 1
77 52 1
84 91 1
39 18 1
28 2 1
93 96 1
29 19 1
101 141 1
50 59 1
46 36 1
74 96 1
147 116 1
50 82 1
57 89 1
92 76 1
117 148 1
80 91 1
51 68 1
63 91 1
133 115 1
25 44 1
143 118 1
77 84 1
65 50 1
26 10 1
75 96 1
107 110 1
117 140 1
25 45 1
38 41 1
110 106 1
55 76 1
85 68 1
23 26 1
48 5 1
41 10 1
83 55 1
23 39 1
85 80 1
119 127 1
27 39 1
128 132 1
85 93 1
31 8 1
149 115 1
117 109 1
66 50 1
96 83 1
119 137 1
104 107 1
127 100 1
139 116 1
49 48 1
43 14 1
62 89 1
14 1 1
100 133 1
87 52 1
131 102 1
137 145 1
29 30 1
46 31 1
88 75 1
28 20 1
114 119 1
136 102 1
73 95 1
50 97 1
132 103 1
77 65 1
117 105 1
1 26 1
134 141 1
36 12 1
47 9 1
97 73 1
39 6 1
138 111 1
41 4 1
109 121 1
73 72 1
