25 26 1
82 99 1
123 126 1
98 60 1
48 10 1
20 28 1
86 55 1
129 123 1
81 73 1
2 27 1
34 21 1
10 15 1
53 87 1
7 1 1
115 138 1
3 23 1
77 88 1
123 144 1
137 148 1
133 113 1
77 52 1
84 91 1
39 18 1
28 2 1
93 96 1
29 19 1
101 141 1
50 59 1
46 36 1
74 96 1
147 116 1
50 82 1
57 89 1
92 76 1
117 148 1
80 91 1
51 68 1
63 91 1
133 115 1
25 44 1
143 118 1
77 84 1
65 50 1
26 10 1
75 96 1
107 110 1
117 140 1
25 45 1
38 41 1
110 106 1
55 76 1
85 68 1
23 26 1
48 5 1
41 10 1
83 55 1
23 39 1
85 80 1
119 127 1
27 39 1
128 132 1
85 93 1
31 8 1
149 115 1
117 109 1
66 50 1
96 83 1
119 137 1
104 107 1
127 100 1
139 116 1
49 48 1
43 14 1
62 89 1
14 1 1
100 133 1
87 52 1
131 102 1
137 145 1
29 30 1
46 31 1
88 75 1
28 20 1
114 119 1
136 102 1
73 95 1
50 97 1
132 103 1
77 65 1
117 105 1
1 26 1
134 141 1
36 12 1
47 9 1
97 73 1
39 6 1
138 111 1
41 4 1
109 121 1
73 72 1
89 67 1
38 44 1
75 86 1
71 61 1
48 0 1
75 50 1
48 36 1
1 47 1
146 115 1
35 33 1
144 137 1
8 25 1
114 121 1
126 122 1
71 67 1
149 136 1
102 118 1
59 84 1
116 132 1
68 85 1
114 110 1
139 121 1
128 122 1
107 114 1
141 100 1
9 37 1
18 9 1
117 103 1
25 14 1
44 38 1
81 66 1
129 149 1
93 76 1
131 119 1
36 39 1
138 131 1
9 25 1
47 11 1
144 139 1
143 103 1
28 25 1
102 123 1
3 43 1
30 20 1
38 49 1
135 121 1
127 105 1
74 58 1
84 66 1
43 48 1
13 54 -1
21 69 -1
142 74 -1
96 19 -1
138 86 -1
8 114 -1
36 144 -1
7 128 -1
100 82 -1
88 34 -1
50 131 -1
75 141 -1
29 88 -1
97 103 -1
59 22 -1
65 108 -1
52 112 -1
48 132 -1
112 95 -1
139 90 -1
97 123 -1
80 33 -1
23 62 -1
108 66 -1
143 98 -1
13 96 -1
8 89 -1
30 70 -1
29 123 -1
25 137 -1
25 110 -1
83 137 -1
60 117 -1
99 5 -1
8 92 -1
4 132 -1
22 57 -1
136 26 -1
130 39 -1
128 4 -1
96 149 -1
59 38 -1
136 23 -1
25 68 -1
140 26 -1
125 50 -1
20 130 -1
32 142 -1
81 18 -1
61 109 -1
92 117 -1
107 10 -1
53 25 -1
61 14 -1
21 99 -1
52 28 -1
24 77 -1
96 5 -1
72 116 -1
26 52 -1
51 121 -1
121 43 -1
52 36 -1
113 16 -1
97 108 -1
64 30 -1
20 107 -1
133 33 -1
128 82 -1
85 7 -1
8 64 -1
103 74 -1
70 40 -1
148 91 -1
119 3 -1
36 73 -1
39 149 -1
141 39 -1
124 99 -1
5 56 -1
21 58 -1
44 138 -1
46 51 -1
146 12 -1
56 134 -1
134 13 -1
132 15 -1
104 3 -1
18 129 -1
110 42 -1
120 68 -1
70 4 -1
124 29 -1
40 148 -1
140 84 -1
136 88 -1
37 93 -1
7 137 -1
129 20 -1
21 65 -1
70 4 -1
77 14 -1
26 76 -1
83 148 -1
133 64 -1
51 140 -1
106 28 -1
44 74 -1
63 47 -1
18 71 -1
86 147 -1
143 96 -1
20 132 -1
12 142 -1
38 141 -1
7 117 -1
68 142 -1
115 3 -1
107 17 -1
55 149 -1
124 92 -1
80 17 -1
45 117 -1
35 53 -1
84 12 -1
11 95 -1
25 136 -1
86 103 -1
56 120 -1
9 131 -1
78 27 -1
36 129 -1
53 129 -1
59 123 -1
146 83 -1
25 69 -1
37 109 -1
2 122 -1
57 49 -1
95 133 -1
100 70 -1
54 133 -1
129 30 -1
36 141 -1
9 148 -1
2 141 -1
24 101 -1
60 112 -1
63 134 -1
16 148 -1
