25 26 1
82 99 1
123 126 1
98 60 1
48 10 1
20 28 1
86 55 1
129 123 1
81 73 1
2 27 1
34 21 1
10 15 1
53 87 1
7 1 1
115 138 1
3 23 1
77 88 1
123 144 1
137 148 1
133 113 1
77 52 1
84 91 1
39 18 1
28 2 1
93 96 1
29 19 1
101 141 1
50 59 1
46 36 1
74 96 1
147 116 1
50 82 1
57 89 1
92 76 1
117 148 1
80 91 1
51 68 1
63 91 1
133 115 1
25 44 1
143 118 1
77 84 1
65 50 1
26 10 1
75 96 1
107 110 1
117 140 1
25 45 1
38 41 1
110 106 1
55 76 1
85 68 1
23 26 1
48 5 1
41 10 1
83 55 1
23 39 1
85 80 1
119 127 1
27 39 1
128 132 1
85 93 1
31 8 1
149 115 1
117 109 1
66 50 1
96 83 1
119 137 1
104 107 1
127 100 1
139 116 1
49 48 1
43 14 1
62 89 1
14 1 1
100 133 1
87 52 1
131 102 1
137 145 1
29 30 1
46 31 1
88 75 1
28 20 1
114 119 1
136 102 1
73 95 1
50 97 1
132 103 1
77 65 1
117 105 1
1 26 1
134 141 1
36 12 1
47 9 1
97 73 1
39 6 1
138 111 1
41 4 1
109 121 1
73 72 1
89 67 1
38 44 1
75 86 1
71 61 1
48 0 1
75 50 1
48 36 1
1 47 1
146 115 1
35 33 1
144 137 1
8 25 1
114 121 1
126 122 1
71 67 1
149 136 1
102 118 1
59 84 1
116 132 1
68 85 1
114 110 1
139 121 1
128 122 1
107 114 1
141 100 1
9 37 1
18 9 1
117 103 1
25 14 1
44 38 1
81 66 1
129 149 1
93 76 1
131 119 1
36 39 1
138 131 1
9 25 1
47 11 1
144 139 1
143 103 1
28 25 1
102 123 1
3 43 1
30 20 1
38 49 1
135 121 1
127 105 1
74 58 1
84 66 1
43 48 1
13 21 1
69 74 1
96 86 1
8 36 1
0 7 1
128 100 1
82 88 1
34 29 1
88 97 1
103 108 1
52 84 1
96 95 1
139 123 1
80 62 1
108 143 1
98 96 1
8 4 1
89 70 1
29 25 1
137 110 1
83 60 1
117 132 1
22 37 1
57 96 1
68 86 1
68 59 1
93 68 1
140 125 1
50 81 1
65 61 1
61 92 1
117 107 1
10 25 1
61 99 1
52 77 1
96 66 1
5 26 1
52 51 1
121 113 1
16 30 1
20 19 1
107 133 1
33 7 1
8 40 1
148 129 1
91 73 1
39 5 1
56 58 1
44 46 1
51 56 1
70 68 1
70 84 1
136 137 1
129 148 1
133 109 1
142 140 1
106 135 1
28 44 1
74 63 1
47 18 1
71 86 1
147 143 1
107 132 1
12 38 1
141 117 1
68 55 1
149 124 1
92 80 1
70 53 1
84 95 1
25 9 1
131 129 1
53 59 1
123 146 1
105 143 1
83 69 1
37 2 1
122 133 1
100 142 1
111 133 1
129 141 1
9 6 1
148 141 1
24 16 1
148 117 1
116 130 1
37 19 1
18 16 1
11 27 1
49 21 1
3 49 1
18 30 1
15 18 1
2 3 1
79 51 1
76 72 1
16 37 1
61 82 1
119 113 1
114 145 1
92 62 1
1 46 1
52 89 1
88 80 1
21 15 1
1 17 1
80 81 1
130 128 1
111 121 1
117 143 1
36 34 1
81 58 1
32 5 1
75 73 1
54 98 1
1 14 1
134 127 1
128 132 1
143 122 1
122 136 1
28 7 1
67 55 1
31 13 1
70 72 1
23 31 1
43 0 1
68 67 1
28 45 1
51 79 1
69 72 1
12 14 1
70 52 1
58 70 1
52 92 1
64 91 1
61 86 1
61 77 1
8 21 1
93 58 1
87 75 1
52 55 1
60 96 1
1 11 1
12 0 1
42 8 1
56 55 1
3 22 1
27 16 1
42 4 1
92 68 1
