25 26 1
82 99 1
123 126 1
98 60 1
48 10 1
20 28 1
86 55 1
129 123 1
81 73 1
2 27 1
34 21 1
10 15 1
53 87 1
7 1 1
115 138 1
3 23 1
77 88 1
123 144 1
137 148 1
133 113 1
77 52 1
84 91 1
39 18 1
28 2 1
93 96 1
29 19 1
101 141 1
50 59 1
46 36 1
74 96 1
147 116 1
50 82 1
57 89 1
92 76 1
117 148 1
80 91 1
51 68 1
63 91 1
133 115 1
25 44 1
143 118 1
77 84 1
65 50 1
26 10 1
75 96 1
107 110 1
117 140 1
25 45 1
38 41 1
110 106 1
55 18 -1
76 145 -1
11 100 -1
45 68 -1
23 136 -1
94 26 -1
48 71 -1
122 5 -1
41 83 -1
123 83 -1
10 83 -1
40 55 -1
23 134 -1
67 130 -1
39 85 -1
108 80 -1
119 27 -1
58 127 -1
95 113 -1
91 108 -1
64 133 -1
69 106 -1
66 39 -1
128 80 -1
132 85 -1
103 2 -1
135 5 -1
139 93 -1
31 122 -1
114 8 -1
149 23 -1
38 95 -1
7 53 -1
88 115 -1
117 3 -1
98 109 -1
66 33 -1
50 113 -1
32 83 -1
119 50 -1
137 99 -1
116 49 -1
98 139 -1
139 95 -1
48 86 -1
14 62 -1
89 14 -1
1 100 -1
133 87 -1
52 131 -1
