738 180 -1
1988 1691 -1
1416 523 -1
1508 1093 -1
1034 1763 -1
1395 505 -1
189 1853 -1
1791 329 -1
1367 347 -1
599 1656 -1
1648 305 -1
1944 1296 -1
468 272 -1
860 753 -1
812 84 -1
1440 170 -1
1077 226 -1
1522 649 -1
1439 954 -1
102 1255 -1
1747 956 -1
417 1386 -1
1967 1544 -1
1851 1244 -1
1796 769 -1
607 474 -1
1270 412 -1
1079 1102 1
1593 1409 1
1279 255 -1
1449 522 -1
1915 466 -1
1338 469 -1
1942 555 -1
1939 697 -1
943 865 1
1898 1010 -1
1497 695 -1
423 318 -1
1043 1240 -1
1333 347 -1
659 1573 -1
1251 1089 -1
1227 398 -1
907 1582 -1
1429 1598 1
1861 55 -1
282 550 -1
38 500 -1
1092 1966 -1
1664 1187 -1
1170 128 -1
175 1220 -1
1502 1425 1
1405 1860 -1
1239 871 -1
506 1920 -1
1056 1548 -1
1464 388 -1
1869 1573 -1
23 1181 -1
1305 942 -1
380 1835 -1
600 321 -1
845 1676 -1
1606 862 -1
1018 1145 1
771 382 -1
698 1776 -1
1026 224 -1
1835 1689 -1
770 1238 -1
209 1917 -1
747 1222 -1
549 1667 -1
206 319 1
1332 1690 -1
266 1774 -1
726 1631 -1
1663 79 -1
1358 89 -1
1766 1608 1
1 493 -1
1625 88 -1
1081 22 -1
110 861 -1
1039 700 -1
1286 648 -1
608 1763 -1
345 1844 -1
645 257 -1
801 294 -1
1377 589 -1
1025 707 -1
1910 126 -1
1085 1829 -1
1733 1181 -1
1990 710 -1
1471 328 -1
1637 1727 1
11 1528 -1
459 211 -1
1414 1281 -1
1090 973 -1
1909 388 -1
1159 1941 -1
343 1795 -1
835 1071 -1
1125 1527 -1
1954 1990 1
60 29 1
1723 1623 1
1244 1380 1
966 890 1
976 896 1
688 779 1
671 766 1
225 287 1
524 565 1
307 342 1
364 282 1
944 883 1
793 609 1
1926 1969 1
1312 1241 1
1412 1508 1
82 193 1
1536 1551 1
737 666 1
274 329 1
241 267 1
113 58 1
1403 1526 1
1458 1492 1
80 185 1
878 982 1
949 826 1
686 702 1
337 331 1
1669 1632 1
889 962 1
88 34 1
1484 1522 1
13 174 1
179 43 1
1130 1171 1
1852 1930 1
801 979 1
1047 1023 1
439 475 1
1773 1686 1
324 293 1
483 599 1
216 209 1
1672 1624 1
417 405 1
398 207 1
1937 1956 1
447 429 1
212 313 1
1541 1429 1
111 167 1
37 21 1
1155 1123 1
897 919 1
978 839 1
8 72 1
1521 1538 1
1510 1415 1
316 378 1
65 44 1
1170 1073 1
584 512 1
290 284 1
228 332 1
570 452 1
1768 1780 1
1324 1226 1
978 865 1
935 865 1
1223 1306 1
403 535 1
1125 1194 1
901 959 1
1806 1966 1
771 683 1
1647 1633 1
1611 1690 1
1684 1721 1
779 763 1
552 434 1
1704 1697 1
1875 1855 1
1500 1436 1
456 522 1
259 297 1
1026 1138 1
1546 1522 1
1111 1126 1
1107 1010 1
