1981 1352 -1
656 928 -1
439 1317 -1
296 1099 -1
50 731 -1
1998 1914 1
1254 154 -1
412 1031 -1
1273 256 -1
1875 36 -1
1613 1779 1
1124 33 -1
174 1934 -1
906 1418 -1
1274 1739 -1
1931 1959 1
1257 1857 -1
724 1169 -1
908 1221 -1
1386 824 -1
1868 1606 -1
1624 1575 -1
649 1059 -1
1246 891 -1
656 1668 -1
1353 1995 -1
1386 648 -1
193 131 1
1673 1769 1
318 130 -1
1015 983 -1
639 1869 -1
1884 1480 -1
151 15 1
1935 76 -1
1363 1990 -1
1187 670 -1
807 1450 -1
960 19 -1
1092 901 -1
1438 1496 1
1579 1105 -1
1309 1674 -1
946 1891 -1
943 1665 -1
1055 1413 -1
622 1168 -1
1934 1875 1
660 1990 -1
774 1646 -1
1253 397 -1
1669 1008 -1
553 1051 -1
1334 324 -1
788 1112 -1
1089 903 -1
163 372 -1
876 1979 -1
197 71 1
1354 349 -1
921 1044 -1
1560 1915 -1
433 33 -1
429 838 -1
1903 1181 -1
58 409 -1
873 367 -1
1165 126 -1
1088 1789 -1
898 1676 -1
1849 1004 -1
1341 455 -1
1744 1329 -1
651 1541 -1
656 1019 -1
1028 309 -1
1072 805 -1
149 117 1
266 48 -1
1104 1657 -1
1041 1643 -1
857 1474 -1
874 72 -1
1882 302 -1
826 34 -1
291 1761 -1
1423 334 -1
1134 1431 -1
1227 896 -1
175 604 -1
1220 27 -1
1576 1952 -1
148 640 -1
185 1147 -1
187 181 1
446 783 -1
958 16 -1
1033 1582 -1
315 30 -1
1570 422 -1
22 33 1
270 1319 -1
1007 141 -1
929 23 -1
301 1899 -1
465 673 -1
32 1864 -1
622 1324 -1
496 660 -1
1456 1459 1
1275 1092 -1
365 1228 -1
386 1864 -1
1581 801 -1
1003 1435 -1
320 919 -1
1048 60 -1
1810 848 -1
261 1622 -1
1276 1925 -1
187 97 1
608 1698 -1
1706 879 -1
1477 1318 -1
1564 758 -1
755 507 -1
753 1510 -1
1485 403 -1
1643 1844 -1
505 1865 -1
1266 782 -1
710 327 -1
239 140 -1
1146 858 -1
1998 1099 -1
1325 1191 -1
1385 789 -1
1130 1263 -1
781 1869 -1
1663 1354 -1
1348 1913 -1
482 876 -1
426 157 -1
990 1473 -1
121 1266 -1
709 809 -1
1388 81 -1
1122 999 -1
1026 500 -1
769 435 -1
1826 333 -1
162 207 -1
1945 1165 -1
1627 1643 1
1598 303 -1
490 980 -1
1821 1170 -1
676 1906 -1
1982 1467 -1
1884 1573 -1
310 1140 -1
1980 1784 -1
1894 767 -1
1715 454 -1
843 1517 -1
763 106 -1
539 110 -1
1369 402 -1
233 1310 -1
1071 1022 1
1387 1676 -1
1498 637 -1
561 587 1
1660 1074 -1
612 1673 -1
1608 214 -1
713 617 1
41 743 -1
1164 963 -1
394 1092 -1
116 1699 -1
627 1944 -1
1749 751 -1
1597 228 -1
1969 1955 1
1208 1473 -1
198 1811 -1
220 74 -1
363 1918 -1
274 14 -1
875 1564 -1
1759 1131 -1
1751 153 -1
1935 342 -1
875 1701 -1
1231 1354 1
1915 732 -1
1219 343 -1
231 588 -1
1026 1485 -1
1414 778 -1
1318 1850 -1
41 1966 -1
1539 251 -1
1550 1366 -1
378 1337 -1
1144 1061 1
1255 852 -1
215 607 -1
348 8 -1
1439 1915 -1
1323 166 -1
281 869 -1
794 1075 -1
118 852 -1
633 9 -1
904 1633 -1
1509 175 -1
896 1398 -1
1429 1486 1
1585 1191 -1
1228 1533 -1
1820 1975 1
84 50 1
1030 1050 1
1020 1004 1
912 953 1
1606 1793 1
708 606 1
290 349 1
328 354 1
1562 1528 1
1879 1838 1
321 266 1
1838 1839 1
704 676 1
278 235 1
1426 1586 1
1041 1073 1
708 797 1
1910 1909 1
1025 1104 1
63 45 1
253 385 1
379 398 1
524 576 1
1365 1282 1
1277 1216 1
1925 1973 1
1394 1282 1
1559 1434 1
847 806 1
551 590 1
1504 1592 1
1265 1331 1
1447 1448 1
1909 1818 1
391 230 1
1363 1333 1
705 763 1
1002 1058 1
518 471 1
25 179 1
540 589 1
1222 1271 1
1357 1256 1
1118 1059 1
1392 1353 1
695 772 1
434 482 1
1696 1704 1
1874 1862 1
93 189 1
1528 1561 1
1229 1211 1
667 637 1
1784 1723 1
850 846 1
545 568 1
1886 1928 1
1647 1607 1
1239 1249 1
859 802 1
1183 1077 1
535 551 1
1346 1376 1
1046 1194 1
1989 1841 1
1421 1536 1
1627 1674 1
1128 1192 1
686 617 1
1111 1049 1
1929 1801 1
957 898 1
1137 1135 1
187 142 1
1802 1878 1
604 648 1
994 835 1
318 346 1
1202 1318 1
348 343 1
1974 1880 1
1281 1355 1
658 701 1
143 74 1
729 764 1
1130 1035 1
1201 1277 1
1440 1470 1
167 166 1
525 402 1
926 825 1
1 33 1
1831 1991 1
1742 1730 1
1710 1764 1
939 846 1
1144 1122 1
785 736 1
1315 1259 1
1312 1323 1
470 429 1
896 911 1
1400 1586 1
1401 1516 1
373 245 1
171 79 1
83 98 1
1218 1295 1
339 379 1
570 407 1
492 586 1
863 998 1
389 350 1
823 830 1
1078 1196 1
62 145 1
224 292 1
1130 1131 1
565 429 1
629 683 1
287 361 1
670 655 1
426 475 1
690 779 1
1456 1439 1
1300 1233 1
1899 1866 1
1720 1679 1
1911 1965 1
1781 1738 1
1673 1725 1
179 132 1
1686 1615 1
56 155 1
626 763 1
701 650 1
805 993 1
1926 1939 1
530 463 1
76 165 1
1698 1700 1
117 88 1
574 577 1
257 226 1
536 573 1
779 741 1
1768 1652 1
479 506 1
1594 1412 1
569 463 1
1367 1249 1
425 493 1
977 873 1
684 687 1
1216 1248 1
1542 1519 1
1867 1964 1
1371 1279 1
528 597 1
190 6 1
193 72 1
1797 1746 1
1761 1613 1
763 784 1
1105 1018 1
1910 1835 1
1292 1345 1
46 183 1
995 919 1
22 131 1
1563 1440 1
1582 1473 1
1484 1483 1
1250 1212 1
116 154 1
1199 1097 1
1009 1162 1
