1925 488 -1
1407 512 -1
80 339 -1
1349 1137 -1
1202 1093 -1
588 1280 -1
604 778 1
1307 1360 1
1081 1368 -1
1036 1515 -1
976 1187 -1
1891 1791 -1
1847 1030 -1
1870 1641 -1
994 1707 -1
548 1421 -1
1091 896 -1
1122 840 -1
425 1348 -1
361 1056 -1
1795 1359 -1
1904 730 -1
1148 1218 -1
75 501 -1
1759 1950 -1
340 974 -1
1605 1669 1
1292 621 -1
156 361 -1
629 1426 -1
1522 390 -1
1849 1683 -1
81 1546 -1
553 351 -1
1472 600 -1
1406 1937 -1
27 279 -1
1435 4 -1
637 1868 -1
693 628 1
1278 1402 -1
1286 591 -1
1452 822 -1
819 646 -1
922 1523 -1
1539 1909 -1
570 469 1
694 38 -1
651 119 -1
734 858 -1
693 1392 -1
665 1425 -1
963 878 1
715 1259 -1
535 1727 -1
919 1316 -1
94 192 1
2 26 1
1233 1359 1
84 170 1
1602 1729 1
1824 1867 1
761 759 1
1859 1916 1
753 683 1
1089 1040 1
1052 1005 1
906 836 1
1619 1648 1
529 429 1
466 410 1
722 687 1
1363 1388 1
1416 1574 1
18 118 1
295 237 1
552 462 1
747 720 1
589 461 1
1921 1995 1
1504 1546 1
1941 1990 1
1079 1051 1
91 24 1
1474 1400 1
686 772 1
101 111 1
337 277 1
1438 1468 1
1239 1328 1
1978 1854 1
1067 1040 1
1151 1123 1
309 390 1
219 312 1
508 476 1
41 115 1
1207 1229 1
174 56 1
466 474 1
