1195 648 -1
1411 346 -1
1935 1592 -1
1828 1388 -1
104 1780 -1
1998 62 -1
397 1644 -1
320 1825 -1
444 1889 -1
1589 1504 1
1040 1245 -1
174 1015 -1
1042 1328 -1
1831 1242 -1
1364 804 -1
1258 790 -1
1520 1258 -1
1828 677 -1
1968 466 -1
90 433 -1
145 746 -1
844 251 -1
1158 936 -1
1641 290 -1
406 10 -1
592 273 -1
144 1890 -1
477 649 -1
998 847 1
1055 1649 -1
284 1135 -1
1614 1 -1
1751 1832 -1
1138 357 -1
97 1357 -1
409 1314 -1
1662 1402 -1
1281 1137 -1
1466 1516 1
1692 89 -1
932 1479 -1
268 1856 -1
1667 1860 -1
1687 734 -1
1847 1778 -1
1081 1722 -1
323 1025 -1
1890 161 -1
571 530 1
1817 1287 -1
346 215 1
1674 211 -1
1139 1700 -1
1470 1993 -1
539 1139 -1
1597 1092 -1
1126 1747 -1
1253 439 -1
24 1484 -1
1558 1368 -1
1954 1793 -1
505 142 -1
1518 721 -1
731 1083 -1
1 1309 -1
1473 951 -1
1119 663 -1
939 685 -1
471 1442 -1
1990 326 -1
1904 1866 1
1768 923 -1
221 666 -1
1969 524 -1
352 45 -1
857 1916 -1
1343 464 -1
632 477 -1
1723 1484 -1
158 1731 -1
1739 549 -1
8 1310 -1
1246 1406 -1
466 1292 -1
553 654 -1
182 531 -1
1748 517 -1
1675 1972 -1
1729 938 -1
1730 1494 -1
664 1606 -1
305 1096 -1
1806 69 -1
144 663 -1
184 486 -1
241 1950 -1
768 1654 -1
128 717 -1
188 886 -1
525 63 -1
95 616 -1
1483 805 -1
1129 668 -1
1139 1244 -1
1667 1282 -1
653 1643 -1
23 4 1
277 281 1
1116 1077 1
152 92 1
1556 1469 1
1337 1226 1
418 491 1
1247 1370 1
1905 1953 1
359 303 1
857 814 1
1033 1092 1
1168 1061 1
450 574 1
1436 1425 1
777 616 1
857 965 1
395 352 1
221 311 1
1 54 1
920 868 1
1807 1943 1
1532 1414 1
1482 1597 1
588 442 1
900 892 1
42 91 1
612 643 1
1346 1336 1
1236 1397 1
746 729 1
1091 1156 1
331 229 1
356 255 1
1869 1977 1
112 2 1
902 831 1
1108 1015 1
1798 1788 1
1232 1362 1
108 30 1
1909 1935 1
93 182 1
1888 1879 1
718 603 1
1014 1089 1
1320 1313 1
657 730 1
1523 1528 1
79 23 1
1299 1223 1
332 359 1
1716 1742 1
968 898 1
1729 1784 1
593 438 1
1210 1392 1
664 690 1
927 970 1
499 536 1
1603 1705 1
334 309 1
1833 1969 1
349 339 1
236 294 1
1023 1059 1
1040 1131 1
323 346 1
1363 1390 1
987 823 1
440 529 1
1793 1769 1
1773 1624 1
517 561 1
664 706 1
1593 1442 1
1223 1238 1
1286 1266 1
633 753 1
1834 1934 1
740 713 1
1689 1769 1
1669 1630 1
1752 1662 1
1207 1294 1
1963 1902 1
1055 1119 1
568 598 1
987 866 1
841 808 1
1262 1225 1
726 680 1
593 587 1
448 435 1
