1845 883 -1
1039 1121 1
1190 35 -1
1655 311 -1
1808 737 -1
638 1621 -1
181 1147 -1
377 898 -1
467 1220 -1
1631 1845 -1
613 98 -1
1780 242 -1
148 1919 -1
985 503 -1
1870 310 -1
1818 1438 -1
1432 759 -1
1968 1425 -1
441 1581 -1
1354 645 -1
1785 1304 -1
994 773 -1
1863 1205 -1
1350 1596 -1
1633 1022 -1
975 1180 -1
715 1406 -1
427 1993 -1
788 733 1
999 1998 -1
1420 871 -1
1490 1952 -1
394 945 -1
1124 1394 -1
414 1937 -1
283 376 1
1957 1294 -1
420 807 -1
1197 437 -1
1951 757 -1
859 825 1
1348 1258 1
1259 1592 -1
1443 893 -1
46 1604 -1
517 1008 -1
1819 436 -1
166 382 -1
1346 819 -1
1115 393 -1
1987 1549 -1
1932 1444 -1
968 149 -1
309 242 1
1758 1380 -1
1295 1108 -1
169 1609 -1
736 1098 -1
1781 1154 -1
1370 1457 -1
1419 1370 -1
791 450 -1
945 1399 -1
1918 1607 -1
1783 233 -1
812 280 -1
151 663 -1
1446 1533 1
1083 535 -1
942 536 -1
196 1911 -1
1596 1112 -1
1178 675 -1
1448 1963 -1
51 49 1
332 500 -1
1326 1478 -1
1122 416 -1
1439 1484 1
151 1385 -1
504 1875 -1
1055 774 -1
742 1896 -1
1418 1758 -1
771 1312 -1
1071 1497 -1
1021 333 -1
1824 1161 -1
1915 1392 -1
1305 1728 -1
854 223 -1
433 610 -1
1299 1942 -1
9 942 -1
165 735 -1
821 507 -1
1433 1386 -1
834 42 -1
1702 305 -1
1931 1332 -1
1045 257 -1
498 707 -1
49 1719 -1
659 534 -1
1634 649 -1
1867 1821 1
1179 843 -1
658 1386 -1
1942 1925 1
1512 554 -1
1061 1329 -1
1877 89 -1
1498 576 -1
389 1672 -1
909 442 -1
1683 898 -1
1235 1004 -1
921 821 1
442 1656 -1
1475 1946 -1
1489 1501 1
1907 1997 1
1128 479 -1
834 979 1
401 1155 -1
1860 1450 -1
1908 1953 1
338 451 -1
1721 1163 -1
246 872 -1
1232 1182 -1
1043 1196 1
1087 529 -1
1445 891 -1
1725 1900 -1
444 1096 -1
878 378 -1
1025 1645 -1
287 1521 -1
530 937 -1
1238 1806 -1
1228 151 -1
1941 1003 -1
92 1447 -1
321 472 -1
1278 109 -1
1551 1315 -1
1697 752 -1
34 1696 -1
221 1618 -1
1008 963 -1
1954 721 -1
1269 777 -1
1992 630 -1
738 1667 -1
300 1286 -1
896 1532 -1
1237 1915 -1
777 1785 -1
1701 1922 -1
1886 785 -1
597 1843 -1
684 1444 -1
300 1839 -1
1497 1069 -1
1118 635 -1
1813 844 -1
588 1156 -1
1781 1549 -1
633 1126 -1
1111 508 -1
284 1880 -1
1660 1343 -1
28 307 -1
1424 349 -1
1624 745 -1
1222 1889 -1
1062 1263 -1
1291 1026 -1
1003 971 -1
1507 616 -1
1818 593 -1
1557 1047 -1
995 849 1
1534 1737 -1
640 579 -1
1145 1227 -1
1385 560 -1
1566 887 -1
1363 1610 -1
637 1921 -1
816 525 -1
1133 187 -1
7 1450 -1
1380 1158 -1
86 1186 -1
1857 724 -1
1601 528 -1
421 1389 -1
224 277 1
1654 1300 -1
1211 546 -1
1590 1375 -1
86 1245 -1
1951 1450 -1
933 1054 -1
1288 469 -1
339 1955 -1
1368 1123 -1
77 755 -1
1867 1910 1
747 1068 -1
1420 43 -1
508 1726 -1
1476 1989 -1
922 58 -1
1337 426 -1
149 779 -1
1235 1772 -1
1204 1013 -1
1305 1295 1
437 555 1
1159 1163 1
1141 1123 1
1896 1866 1
1530 1533 1
1501 1535 1
222 395 1
1193 1008 1
1880 1814 1
1881 1912 1
403 419 1
188 178 1
907 839 1
1003 1171 1
653 768 1
216 340 1
1979 1910 1
492 528 1
100 35 1
467 528 1
702 627 1
638 772 1
329 278 1
631 711 1
1388 1385 1
555 484 1
391 292 1
602 639 1
541 536 1
1436 1587 1
1980 1962 1
406 459 1
1084 1147 1
1698 1648 1
1151 1099 1
746 663 1
1485 1551 1
314 286 1
142 74 1
300 392 1
832 907 1
893 933 1
1330 1307 1
340 267 1
791 646 1
277 297 1
886 919 1
1684 1642 1
1141 1096 1
315 280 1
405 542 1
446 524 1
1753 1702 1
1182 1104 1
1965 1970 1
1385 1227 1
834 810 1
1441 1428 1
516 591 1
1879 1925 1
1062 1077 1
1780 1678 1
886 880 1
884 822 1
968 812 1
1797 1711 1
413 531 1
565 520 1
1785 1762 1
1713 1776 1
1255 1305 1
1859 1951 1
241 269 1
1422 1423 1
321 228 1
460 599 1
1494 1563 1
1952 1851 1
63 193 1
1489 1496 1
847 832 1
1746 1623 1
869 864 1
119 51 1
349 344 1
470 512 1
328 215 1
1731 1721 1
800 864 1
1626 1655 1
682 672 1
1543 1462 1
436 520 1
1424 1549 1
746 610 1
807 906 1
939 961 1
394 200 1
880 944 1
1970 1837 1
281 370 1
779 740 1
1282 1362 1
1246 1265 1
168 45 1
983 943 1
570 504 1
1186 1017 1
1449 1544 1
1013 1155 1
1279 1350 1
579 578 1
1870 1884 1
1269 1219 1
1959 1813 1
505 544 1
1837 1881 1
832 948 1
1382 1246 1
11 83 1
808 847 1
1131 1169 1
471 481 1
1479 1446 1
1167 1155 1
1850 1914 1
311 363 1
1814 1948 1
1281 1324 1
1560 1426 1
809 802 1
279 253 1
1433 1516 1
1335 1232 1
363 388 1
779 752 1
32 184 1
141 42 1
345 200 1
1051 1014 1
305 389 1
1234 1326 1
1074 1111 1
22 180 1
47 179 1
1059 1007 1
922 865 1
896 972 1
668 613 1
731 615 1
146 49 1
1190 1062 1
42 40 1
274 229 1
1605 1718 1
1809 1981 1
1626 1647 1
339 321 1
849 813 1
729 600 1
635 690 1
1751 1661 1
217 238 1
1751 1696 1
889 861 1
719 736 1
406 506 1
1702 1758 1
1420 1503 1
1839 1804 1
164 136 1
651 721 1
1238 1379 1
1064 1100 1
1153 1071 1
428 456 1
1752 1663 1
1471 1582 1
561 442 1
