1394 43 -1
1160 245 -1
65 1678 -1
468 1280 -1
1306 696 -1
986 1748 -1
1421 715 -1
1211 1721 -1
979 451 -1
668 1640 -1
1366 1715 -1
1428 1850 -1
1203 1160 -1
1363 1171 -1
114 296 -1
276 1264 -1
454 11 -1
348 1607 -1
1452 632 -1
184 1303 -1
974 1974 -1
1238 227 -1
262 1372 -1
423 626 -1
1556 1446 1
1436 1000 -1
1847 907 -1
858 903 1
187 144 1
1052 1483 -1
683 448 -1
1221 242 -1
1101 653 -1
1173 1973 -1
244 1615 -1
1793 1750 1
31 994 -1
1365 1332 1
1305 1383 1
1139 225 -1
50 149 1
1865 913 -1
950 1809 -1
1045 81 -1
852 1094 -1
1385 360 -1
1087 677 -1
834 1745 -1
829 952 1
892 524 -1
890 1723 -1
733 1006 -1
15 109 1
993 1790 -1
1940 365 -1
1928 447 -1
955 1840 -1
1049 320 -1
1385 378 -1
252 200 1
625 798 1
1041 1005 1
1695 1646 1
1024 1174 1
72 98 1
1526 1438 1
1237 1283 1
882 986 1
198 170 1
1720 1724 1
369 266 1
950 932 1
1449 1406 1
1188 1173 1
422 407 1
1888 1948 1
568 413 1
1132 1051 1
1056 1046 1
1158 1190 1
1448 1547 1
1984 1965 1
1976 1925 1
1249 1350 1
683 742 1
635 646 1
1678 1687 1
1625 1781 1
1008 1182 1
792 676 1
336 221 1
1406 1568 1
635 765 1
1280 1253 1
109 68 1
594 400 1
719 665 1
1190 1055 1
1044 1029 1
1708 1678 1
