666 489 -1
1444 1184 -1
864 34 -1
530 932 -1
1452 1827 -1
1721 1764 1
208 926 -1
301 1652 -1
750 20 -1
1949 874 -1
1817 1003 -1
514 1441 -1
36 1103 -1
1651 914 -1
1391 1595 -1
1453 49 -1
1905 1713 -1
70 566 -1
324 368 1
1441 1593 1
689 687 1
1577 60 -1
93 567 -1
1265 1941 -1
706 895 -1
960 214 -1
370 984 -1
195 828 -1
465 229 -1
1134 452 -1
667 1130 -1
1035 908 -1
1438 480 -1
1360 706 -1
1947 855 -1
156 806 -1
986 1100 -1
1245 1072 -1
1587 52 -1
1682 1112 -1
569 440 1
842 1033 -1
1985 1952 1
1863 283 -1
225 583 -1
978 1392 -1
744 1634 -1
615 1773 -1
458 1173 -1
1865 1692 -1
1804 916 -1
930 1369 -1
803 1747 -1
1073 1357 -1
975 345 -1
552 1133 -1
1516 1507 1
1139 112 -1
1487 1408 1
505 1660 -1
971 1339 -1
680 438 -1
1527 536 -1
1227 547 -1
974 542 -1
1127 1320 -1
1453 440 -1
1842 1076 -1
805 1387 -1
1911 222 -1
649 492 -1
1698 709 -1
1460 912 -1
102 595 -1
1091 1180 1
1524 1380 -1
781 1144 -1
1210 642 -1
1898 1801 1
601 1802 -1
1815 1318 -1
485 1573 -1
302 1864 -1
1732 1929 -1
1105 342 -1
1680 646 -1
522 117 -1
1001 1117 1
1987 1454 -1
1109 1201 -1
1711 1126 -1
260 1402 -1
581 1805 -1
1650 1517 -1
1607 382 -1
125 417 -1
1777 1671 1
1816 1929 1
1496 1385 -1
616 1021 -1
980 170 -1
1916 1385 -1
1593 144 -1
865 1574 -1
1878 858 -1
567 991 -1
104 1244 -1
1849 1281 -1
355 76 -1
1393 1045 -1
865 1586 -1
607 515 -1
780 1539 -1
1459 1534 1
1994 1837 1
850 895 1
1473 1523 1
1287 1375 1
627 669 1
120 119 1
1760 1750 1
238 295 1
223 325 1
1754 1698 1
1605 1738 1
335 214 1
143 126 1
463 542 1
1041 1029 1
455 555 1
673 606 1
1477 1480 1
41 167 1
1919 1869 1
1701 1609 1
1044 1091 1
743 757 1
18 151 1
459 530 1
32 132 1
1665 1796 1
1794 1712 1
719 667 1
1381 1324 1
384 380 1
1463 1475 1
1455 1458 1
980 855 1
1288 1273 1
634 695 1
3 30 1
649 639 1
826 930 1
578 411 1
1847 1878 1
1760 1747 1
288 204 1
992 993 1
1859 1881 1
1961 1810 1
645 735 1
1243 1350 1
721 606 1
1493 1540 1
1535 1488 1
714 716 1
1743 1605 1
1133 1169 1
790 782 1
446 593 1
258 285 1
971 870 1
922 818 1
881 936 1
603 620 1
1677 1645 1
1201 1297 1
59 158 1
1716 1781 1
455 477 1
326 288 1
1982 1940 1
1419 1536 1
1718 1689 1
1621 1623 1
128 64 1
325 248 1
1311 1345 1
269 234 1
334 225 1
185 87 1
473 524 1
161 34 1
252 311 1
701 629 1
523 451 1
1461 1415 1
1130 1188 1
1291 1229 1
483 431 1
