516 582 1
586 1476 -1
1902 1430 -1
374 1582 -1
621 1040 -1
1854 1743 -1
670 395 -1
1858 1311 -1
540 761 -1
511 934 -1
1481 236 -1
859 1758 -1
1995 746 -1
1731 331 -1
303 1869 -1
1448 1690 -1
604 769 1
867 663 -1
398 1200 -1
1271 280 -1
1957 1597 -1
997 1373 -1
1086 39 -1
1362 1079 -1
1007 741 -1
1751 1467 -1
1393 1257 1
765 573 -1
1539 796 -1
1943 425 -1
1160 1391 -1
892 620 -1
1536 57 -1
1702 235 -1
1682 436 -1
1154 376 -1
1020 1038 1
89 457 -1
1815 469 -1
1921 1684 -1
1538 1110 -1
1955 437 -1
1980 194 -1
626 868 -1
1437 1339 -1
1423 1690 -1
90 1251 -1
323 478 -1
111 202 -1
372 329 1
1815 1124 -1
258 1541 -1
77 878 -1
1323 1297 1
1094 1031 1
50 70 1
1903 808 -1
1405 1954 -1
1519 1319 -1
1895 1187 -1
1369 335 -1
236 1061 -1
1264 193 -1
940 222 -1
1060 1984 -1
926 1680 -1
1030 988 -1
1530 963 -1
1267 235 -1
1434 185 -1
1919 197 -1
1339 1222 1
1063 210 -1
751 630 1
1571 1758 -1
1001 357 -1
370 655 -1
258 1243 -1
512 1009 -1
862 1141 -1
1751 581 -1
597 1068 -1
1568 1274 -1
1578 1811 -1
134 36 1
1011 111 -1
851 503 -1
1546 1226 -1
1009 526 -1
785 1417 -1
1400 525 -1
1920 792 -1
1917 1151 -1
1934 379 -1
255 1654 -1
458 201 -1
724 1093 -1
775 37 -1
1627 1274 -1
246 965 -1
313 1278 -1
471 79 -1
1798 1336 -1
166 312 -1
220 87 -1
1364 627 -1
1828 193 -1
11 1819 -1
1689 622 -1
1329 1044 -1
1729 1418 -1
243 1672 -1
535 147 -1
61 1018 -1
1205 688 -1
808 180 -1
1111 1996 -1
1291 1703 -1
833 1521 -1
909 60 -1
1127 926 -1
868 57 -1
1014 803 -1
491 775 -1
1562 1344 -1
705 1423 -1
1994 1727 -1
1838 1721 -1
1803 1362 -1
1504 1246 -1
712 1046 -1
95 1388 -1
1017 730 -1
1172 792 -1
1965 1208 -1
63 1051 -1
946 1043 -1
6 1386 -1
26 651 -1
183 176 1
1805 681 -1
1020 42 -1
1327 1441 -1
1971 41 -1
1683 1182 -1
871 585 -1
574 1937 -1
1994 475 -1
198 827 -1
1337 830 -1
1951 1866 1
1313 1374 1
1483 1234 -1
1 766 -1
1732 139 -1
1432 1991 -1
972 259 -1
510 163 -1
858 878 1
1854 509 -1
145 624 -1
742 419 -1
860 350 -1
559 289 -1
1325 142 -1
1564 1669 -1
1035 189 -1
280 1223 -1
1523 1516 1
1051 1964 -1
1744 1897 -1
1249 943 -1
1423 532 -1
1064 93 -1
1007 275 -1
291 271 1
283 1644 -1
1887 829 -1
1589 1816 -1
1682 1427 -1
1455 684 -1
1035 151 -1
1311 1458 -1
1939 1444 -1
1057 691 -1
672 1080 -1
310 568 -1
422 1730 -1
1130 522 -1
226 539 -1
1762 1854 -1
1576 502 -1
1590 664 -1
933 1074 -1
255 1237 -1
1223 1890 -1
279 302 1
630 1156 -1
896 1513 -1
1366 13 -1
11 330 -1
1406 1747 -1
1428 992 -1
820 397 -1
1291 1964 -1
1465 488 -1
770 1145 -1
1923 415 -1
1096 1024 1
1622 189 -1
1532 905 -1
1014 1342 -1
438 1656 -1
1288 438 -1
1114 1453 -1
1217 824 -1
730 102 -1
587 344 -1
1506 791 -1
876 878 1
251 358 1
1926 1870 1
350 331 1
575 571 1
1443 1512 1
898 958 1
858 966 1
44 184 1
204 300 1
607 752 1
164 118 1
1737 1794 1
1892 1862 1
1725 1748 1
1731 1718 1
228 352 1
1559 1401 1
426 535 1
370 225 1
1327 1220 1
695 666 1
462 401 1
158 116 1
442 433 1
1556 1573 1
634 676 1
362 365 1
1499 1543 1
1458 1427 1
1320 1322 1
1985 1962 1
1765 1695 1
192 21 1
506 443 1
273 301 1
1077 1097 1
175 13 1
1103 1093 1
1759 1787 1
1116 1120 1
1107 1065 1
1998 1970 1
529 593 1
249 244 1
241 348 1
1267 1377 1
208 349 1
473 463 1
1317 1369 1
226 365 1
1385 1371 1
289 324 1
1728 1717 1
312 264 1
303 248 1
147 119 1
586 546 1
674 762 1
903 866 1
1326 1213 1
1192 1177 1
996 988 1
1863 1854 1
1191 1074 1
717 654 1
696 790 1
1303 1302 1
528 511 1
1339 1391 1
1116 1166 1
613 787 1
24 198 1
1153 1109 1
1649 1621 1
1599 1561 1
986 965 1
1724 1607 1
1206 1201 1
448 484 1
308 269 1
792 629 1
33 180 1
234 317 1
1751 1654 1
1056 1162 1
399 258 1
1260 1319 1
1883 1969 1
1094 1162 1
1537 1468 1
1088 1084 1
898 828 1
1914 1910 1
110 122 1
541 585 1
572 402 1
1747 1769 1
1034 1130 1
936 872 1
1639 1610 1
416 411 1
63 188 1
1446 1436 1
16 194 1
365 202 1
925 853 1
544 506 1
442 503 1
1454 1493 1
1749 1648 1
1917 1935 1
555 582 1
1416 1523 1
1466 1536 1
1176 1186 1
1077 1018 1
1339 1275 1
1689 1778 1
591 485 1
957 979 1
1815 1891 1
1458 1467 1
1464 1426 1
506 449 1
1384 1236 1
422 572 1
229 220 1
1094 1006 1
632 696 1
1193 1060 1
233 202 1
56 59 1
671 746 1
783 686 1
805 886 1
1045 1038 1
793 606 1
1895 1814 1
1867 1862 1
8 156 1
695 754 1
459 450 1
1281 1358 1
1150 1033 1
1437 1509 1
1336 1257 1
1425 1514 1
1158 1153 1
107 69 1
639 706 1
1850 1996 1
562 483 1
934 985 1
1507 1519 1
646 637 1
1345 1394 1
198 133 1
908 838 1
649 798 1
1044 1061 1
433 572 1
984 849 1
493 564 1
1684 1749 1
1182 1194 1
115 90 1
1781 1710 1
1975 1904 1
1570 1594 1
1074 1036 1
281 323 1
1630 1751 1
284 296 1
611 711 1
49 52 1
1172 1180 1
133 132 1
358 332 1
1537 1585 1
700 667 1
