463 1798 -1
1240 1359 1
1525 1651 -1
1693 186 -1
1199 1390 -1
92 1931 -1
650 1888 -1
1834 976 -1
1908 1117 -1
1000 1581 -1
1141 467 -1
1288 395 -1
1349 1882 -1
956 837 1
1633 90 -1
107 50 1
868 1587 -1
782 262 -1
97 266 -1
35 267 -1
757 283 -1
1130 65 -1
1823 390 -1
1740 1518 -1
909 1544 -1
1025 1158 1
1189 1093 1
1592 1591 1
276 1033 -1
884 54 -1
198 1191 -1
1525 868 -1
1449 757 -1
1653 820 -1
27 604 -1
148 1590 -1
1744 1301 -1
90 147 1
676 1550 -1
1623 1218 -1
1580 274 -1
1555 629 -1
1976 862 -1
136 666 -1
1839 352 -1
826 1567 -1
1549 28 -1
1989 1671 -1
5 602 -1
1912 1171 -1
876 1383 -1
1928 519 -1
1184 355 -1
1088 806 -1
269 755 -1
1920 1682 -1
1908 1157 -1
525 411 1
203 216 1
692 646 1
549 479 1
1682 1600 1
249 375 1
1686 1732 1
646 793 1
1002 1073 1
1803 1844 1
510 474 1
811 975 1
1840 1890 1
1048 1183 1
1559 1578 1
1011 1097 1
1336 1391 1
493 448 1
1840 1821 1
421 555 1
271 324 1
1429 1577 1
1392 1331 1
1772 1701 1
620 641 1
798 762 1
73 112 1
1955 1898 1
1908 1905 1
1898 1941 1
1571 1433 1
745 645 1
1421 1553 1
182 55 1
389 378 1
1806 1964 1
1856 1989 1
788 606 1
1031 1034 1
612 682 1
1762 1749 1
375 220 1
1393 1357 1
