1723 438 -1
582 232 -1
1281 1186 -1
1970 1023 -1
1793 861 -1
96 1778 -1
159 1783 -1
1661 1980 -1
190 1540 -1
871 676 -1
676 1400 -1
1948 615 -1
528 1819 -1
1879 23 -1
1911 1118 -1
393 541 -1
1762 510 -1
149 1633 -1
1823 1358 -1
1811 10 -1
448 955 -1
303 1468 -1
965 1820 -1
242 100 -1
610 193 -1
655 605 1
363 366 1
1343 1663 -1
379 1842 -1
1194 1805 -1
1698 1166 -1
1004 1716 -1
647 1488 -1
981 659 -1
81 1385 -1
1113 763 -1
1331 885 -1
1963 1438 -1
984 1405 -1
1764 278 -1
749 757 1
289 691 -1
776 1698 -1
836 1242 -1
652 696 1
1268 361 -1
1204 234 -1
9 1994 -1
1117 1674 -1
1171 699 -1
1977 1735 -1
1592 270 -1
1434 439 -1
1993 1411 -1
383 522 -1
726 1885 -1
1305 916 -1
1906 1838 1
1241 1618 -1
275 1604 -1
1678 594 -1
546 1629 -1
310 1422 -1
345 302 1
1418 1688 -1
1061 129 -1
1088 288 -1
185 655 -1
1424 321 -1
1684 1881 -1
613 611 1
1526 1402 1
123 1246 -1
808 248 -1
958 851 1
1599 1471 1
1498 52 -1
1652 1982 -1
1943 75 -1
697 1486 -1
1986 1891 1
854 1152 -1
1964 726 -1
864 1846 -1
1845 464 -1
706 1962 -1
503 497 1
157 1358 -1
1719 1695 1
1561 1386 -1
624 76 -1
973 1001 -1
385 1496 -1
229 504 -1
1939 457 -1
1 1143 -1
645 1482 -1
1180 1028 1
1680 1179 -1
1349 1945 -1
412 1719 -1
608 1205 -1
1057 359 -1
939 1934 -1
1512 89 -1
590 518 1
1629 1654 1
1287 397 -1
593 449 1
593 245 -1
208 1179 -1
1469 1886 -1
901 1657 -1
675 1921 -1
1726 149 -1
1954 1465 -1
360 1106 -1
1996 1828 1
20 91 1
1787 1705 1
103 28 1
656 703 1
266 250 1
1888 1969 1
628 600 1
1602 1655 1
915 986 1
1461 1586 1
1775 1690 1
1514 1567 1
1073 1168 1
231 346 1
1487 1404 1
1495 1536 1
322 256 1
1702 1606 1
1865 1847 1
1247 1380 1
616 633 1
1832 1899 1
1740 1794 1
1037 1152 1
1488 1436 1
29 100 1
1299 1367 1
714 705 1
1994 1921 1
526 474 1
1125 1146 1
267 340 1
1174 1116 1
637 622 1
1247 1252 1
386 327 1
1566 1427 1
874 917 1
1401 1588 1
395 244 1
1849 1871 1
1491 1550 1
1554 1425 1
346 374 1
124 129 1
424 594 1
1834 1824 1
1716 1692 1
177 119 1
544 434 1
495 405 1
1846 1931 1
1221 1357 1
1871 1815 1
285 316 1
879 948 1
1803 1805 1
1663 1715 1
1722 1690 1
596 565 1
1222 1355 1
1145 1136 1
525 433 1
1188 1195 1
241 382 1
103 34 1
637 645 1
1455 1461 1
696 701 1
1715 1656 1
1781 1782 1
1411 1473 1
895 849 1
993 966 1
1631 1604 1
134 165 1
144 191 1
657 746 1
1503 1594 1
911 815 1
1400 1534 1
681 750 1
