404 413 1
80 728 -1
776 1565 -1
1543 1097 -1
1164 972 -1
16 318 -1
372 502 -1
1289 1322 1
923 1543 -1
1387 1240 1
552 801 -1
931 1725 -1
1586 922 -1
162 1692 -1
1987 1425 -1
517 901 -1
37 588 -1
1879 451 -1
1098 1443 -1
51 1463 -1
838 670 -1
79 257 -1
1171 235 -1
1590 735 -1
37 784 -1
654 807 -1
1366 2 -1
1098 1524 -1
932 361 -1
1878 716 -1
637 1545 -1
158 701 -1
1183 461 -1
4 1055 -1
773 1162 -1
655 1272 -1
48 1016 -1
1500 61 -1
1167 1015 1
738 1200 -1
833 693 -1
1721 169 -1
442 462 1
1842 1387 -1
1816 901 -1
1370 1784 -1
559 1331 -1
217 1934 -1
315 63 -1
223 1901 -1
1834 1551 -1
1836 854 -1
1257 565 -1
947 672 -1
821 1237 -1
1912 1015 -1
1736 1509 -1
757 89 -1
1359 526 -1
212 1478 -1
95 1726 -1
317 1201 -1
594 1095 -1
547 1387 -1
700 69 -1
1255 1335 1
396 726 -1
552 1095 -1
1137 1845 -1
1219 1854 -1
1363 30 -1
1482 1468 1
1629 723 -1
1232 746 -1
993 98 -1
637 232 -1
1424 743 -1
977 1949 -1
1913 517 -1
449 912 -1
20 163 1
1082 210 -1
1007 1161 1
820 826 1
792 687 1
497 1120 -1
351 726 -1
1952 1208 -1
334 1977 -1
1212 1070 -1
707 634 1
912 1367 -1
982 1064 -1
504 789 -1
922 1471 -1
1442 131 -1
263 1703 -1
1372 1872 -1
1888 1107 -1
1884 1814 1
117 1287 -1
2 454 -1
1366 224 -1
663 1635 -1
610 1093 -1
1508 294 -1
1317 358 -1
945 107 -1
1633 893 -1
1216 1198 -1
1163 529 -1
1522 287 -1
727 1177 -1
864 1102 -1
871 160 -1
958 1645 -1
680 1991 -1
982 700 -1
474 283 -1
1046 929 -1
1209 875 -1
1427 552 -1
1480 830 -1
35 918 -1
1138 1048 1
718 1864 -1
452 1366 -1
936 1655 -1
384 1855 -1
847 334 -1
1554 303 -1
1270 773 -1
1104 1174 1
89 438 -1
1238 1706 -1
229 180 -1
1259 445 -1
425 976 -1
1741 810 -1
506 1383 -1
1349 1997 -1
1794 663 -1
1554 621 -1
1617 1248 -1
1031 1444 -1
11 875 -1
12 1595 -1
175 919 -1
727 41 -1
1978 542 -1
1754 1706 1
1356 1149 -1
1982 57 -1
845 1906 -1
1720 1410 -1
570 215 -1
1774 1336 -1
830 384 -1
766 942 -1
1993 1219 -1
1293 729 -1
1825 1908 1
816 713 -1
1515 1927 -1
1078 484 -1
1435 998 -1
1705 662 -1
1226 1732 -1
1608 411 -1
548 1964 -1
940 173 -1
57 576 -1
1845 567 -1
539 609 -1
1763 1501 -1
1354 847 -1
603 782 1
300 162 -1
458 1536 -1
1809 393 -1
1666 1514 -1
775 752 1
1988 783 -1
1788 797 -1
1064 1551 -1
1686 1342 -1
1255 844 -1
277 1008 -1
787 1291 -1
1141 1798 -1
187 63 1
1458 1672 -1
861 800 1
132 196 1
533 442 1
1363 1186 -1
169 954 -1
1291 156 -1
923 1097 -1
1773 1028 -1
22 1226 -1
176 833 -1
1599 1706 -1
1561 1921 -1
41 669 -1
1622 1652 1
981 369 -1
903 846 1
1683 950 -1
1199 1818 -1
119 585 -1
312 954 -1
1129 1773 -1
921 157 -1
1917 1727 -1
1556 1268 -1
1567 327 -1
977 443 -1
1107 1424 -1
183 302 -1
1977 125 -1
623 201 -1
1484 1778 -1
1912 1621 -1
566 1921 -1
901 881 1
569 462 1
470 582 1
1020 1062 1
464 567 1
966 951 1
1440 1462 1
1904 1856 1
1739 1744 1
822 947 1
1586 1544 1
1132 1113 1
1032 1030 1
1380 1303 1
1144 1081 1
1702 1704 1
1511 1449 1
1760 1674 1
623 650 1
1941 1988 1
1510 1400 1
1010 1134 1
385 321 1
648 720 1
1561 1458 1
727 635 1
1376 1232 1
626 789 1
1438 1545 1
664 680 1
1184 1126 1
381 244 1
1515 1454 1
1824 1865 1
473 567 1
1862 1812 1
994 983 1
223 340 1
1447 1572 1
63 118 1
1816 1897 1
1415 1569 1
831 868 1
82 146 1
571 513 1
82 127 1
1126 1112 1
841 834 1
210 263 1
1220 1307 1
1514 1459 1
1212 1230 1
1526 1488 1
398 395 1
1803 1805 1
770 651 1
784 663 1
1158 1074 1
177 179 1
574 594 1
428 420 1
837 815 1
1502 1425 1
1822 1937 1
200 371 1
1157 1138 1
364 208 1
572 501 1
379 395 1
367 263 1
1063 1058 1
159 105 1
1150 1149 1
1639 1702 1
495 434 1
1859 1988 1
1557 1465 1
1138 1108 1
1570 1434 1
1593 1465 1
348 205 1
1112 1002 1
1177 1152 1
1494 1593 1
460 532 1
239 241 1
1204 1202 1
341 377 1
230 281 1
319 218 1
823 888 1
1468 1488 1
734 624 1
1063 1062 1
1768 1757 1
1182 1058 1
1092 1163 1
1282 1217 1
419 404 1
1651 1738 1
546 561 1
1426 1514 1
93 44 1
424 577 1
1688 1731 1
598 494 1
1056 1199 1
11 164 1
226 351 1
555 434 1
1813 1918 1
1875 1987 1
1724 1702 1
1028 1185 1
1215 1242 1
269 235 1
1535 1422 1
314 323 1
437 417 1
1198 1187 1
188 104 1
1242 1380 1
1130 1022 1
1714 1724 1
1965 1999 1
832 922 1
1282 1331 1
369 331 1
1758 1760 1
99 157 1
1891 1892 1
1341 1231 1
1962 1807 1
1182 1022 1
355 340 1
546 452 1
1114 1057 1
924 967 1
1588 1431 1
1441 1527 1
1075 1101 1
471 474 1
1305 1393 1
402 595 1
575 490 1
784 797 1
1459 1507 1
324 271 1
1431 1510 1
153 88 1
984 897 1
52 195 1
260 389 1
1822 1849 1
10 171 1
1196 1170 1
1673 1759 1
1001 1160 1
418 452 1
1174 1037 1
552 419 1
1018 1128 1
1997 1902 1
762 731 1
1886 1824 1
227 280 1
338 379 1
1989 1909 1
1215 1294 1
1816 1818 1
1506 1500 1
1598 1480 1
1111 1090 1
1936 1835 1
1236 1333 1
