1734 606 -1
619 794 1
863 58 -1
1129 1733 -1
739 952 -1
1372 728 -1
346 794 -1
1715 709 -1
1678 35 -1
97 883 -1
1114 103 -1
164 1478 -1
1635 1618 1
251 1509 -1
1958 749 -1
905 1286 -1
807 1545 -1
1897 1035 -1
1332 1757 -1
1008 1535 -1
678 1416 -1
139 297 -1
504 1234 -1
97 1228 -1
750 1261 -1
935 1541 -1
811 9 -1
569 171 -1
681 1025 -1
1276 1116 -1
1595 1112 -1
282 388 1
616 936 -1
214 1181 -1
1630 1488 -1
796 1951 -1
627 633 1
903 1048 -1
1291 32 -1
1392 766 -1
392 1611 -1
486 725 -1
1406 1572 1
1406 1853 -1
887 1365 -1
1876 718 -1
1587 813 -1
1114 1159 1
1630 242 -1
366 553 -1
740 1267 -1
1633 497 -1
835 148 -1
524 411 1
187 1517 -1
1567 1760 -1
1742 388 -1
1623 1730 1
1727 1616 1
1199 1133 1
1365 1316 1
1231 1341 1
1337 1319 1
1428 1508 1
713 762 1
746 680 1
742 643 1
211 375 1
1891 1921 1
355 354 1
1137 1184 1
782 704 1
324 369 1
650 777 1
1365 1389 1
34 194 1
1191 1042 1
984 872 1
1648 1690 1
88 176 1
1195 1139 1
600 675 1
240 226 1
402 548 1
1623 1615 1
1317 1269 1
1179 1185 1
195 91 1
825 866 1
1895 1908 1
1667 1776 1
938 928 1
826 913 1
818 907 1
273 245 1
797 641 1
1467 1503 1
480 438 1
958 820 1
1713 1675 1
