433 1062 -1
375 411 -1
702 185 -1
815 453 -1
1252 424 -1
925 1390 -1
1645 1574 -1
364 1229 -1
1946 1685 -1
1762 1442 -1
569 367 -1
1214 1884 -1
1027 1709 -1
37 1485 -1
889 493 -1
94 916 -1
1722 1357 -1
57 1767 -1
35 991 -1
1423 1846 -1
1239 1948 -1
1284 1646 -1
1026 110 -1
1220 848 -1
1838 32 -1
609 1804 -1
693 823 -1
466 772 -1
336 191 -1
1246 1780 -1
1924 651 -1
1364 450 -1
424 442 1
725 1107 -1
475 353 -1
1804 42 -1
1678 416 -1
1769 484 -1
1221 998 -1
1503 1891 -1
1344 284 -1
1976 366 -1
1237 137 -1
1920 1770 -1
1351 608 -1
344 1174 -1
1008 1719 -1
1027 1776 -1
1387 1708 -1
436 900 -1
488 510 1
59 1105 -1
768 1303 -1
1501 1402 1
683 701 1
996 1290 -1
335 1100 -1
959 970 1
664 1201 -1
752 74 -1
1232 468 -1
858 98 -1
697 173 -1
1691 323 -1
1118 1745 -1
1229 1469 -1
1449 875 -1
65 1183 -1
765 1860 -1
1665 398 -1
1901 221 -1
1445 1319 -1
251 1826 -1
1859 110 -1
814 454 -1
1737 312 -1
1483 1976 -1
339 1257 -1
383 1236 -1
545 1040 -1
1468 1132 -1
1144 189 -1
1124 782 -1
1176 1921 -1
234 1824 -1
553 1001 -1
1016 1502 -1
892 796 -1
621 1852 -1
459 1589 -1
1183 1323 -1
1933 1364 -1
883 1222 -1
1993 1178 -1
631 544 -1
217 1155 -1
296 1787 -1
561 1722 -1
1661 1526 -1
1035 545 -1
1086 444 -1
1525 1588 1
765 1432 -1
1984 1760 -1
995 1246 -1
676 108 -1
1868 1803 1
1176 1159 1
1592 1587 1
923 812 1
101 54 1
182 140 1
440 417 1
1649 1793 1
1592 1449 1
382 324 1
593 433 1
1269 1250 1
872 888 1
1922 1927 1
674 623 1
432 497 1
1308 1379 1
656 626 1
1954 1961 1
1820 1832 1
1865 1870 1
1943 1888 1
873 993 1
930 906 1
479 403 1
926 924 1
1606 1746 1
1619 1609 1
1361 1241 1
1386 1219 1
687 699 1
1021 1183 1
192 170 1
1734 1668 1
1397 1340 1
931 866 1
1068 1031 1
1078 1188 1
219 371 1
1699 1694 1
1887 1937 1
589 484 1
1220 1371 1
893 825 1
731 666 1
251 323 1
1088 1112 1
1420 1440 1
1324 1341 1
332 377 1
1668 1604 1
1592 1431 1
974 883 1
185 84 1
405 476 1
1646 1615 1
229 321 1
1613 1627 1
1653 1751 1
1409 1512 1
1689 1690 1
1262 1287 1
273 299 1
1563 1579 1
811 823 1
832 932 1
1762 1600 1
1701 1730 1
313 283 1
1372 1361 1
198 63 1
80 164 1
295 399 1
999 819 1
1864 1856 1
1406 1515 1
483 565 1
45 105 1
891 948 1
728 617 1
1293 1356 1
577 547 1
1755 1748 1
568 570 1
1856 1808 1
274 351 1
259 233 1
603 687 1
1865 1846 1
1768 1762 1
71 0 1
177 164 1
1606 1705 1
1197 1192 1
