577 1244 -1
228 1783 -1
231 1766 -1
1561 760 -1
340 1610 -1
1677 205 -1
491 1017 -1
1366 852 -1
319 185 -1
1233 1584 -1
552 1778 -1
909 1525 -1
98 585 -1
1134 1932 -1
1965 1845 1
1989 583 -1
295 245 1
1779 1024 -1
349 734 -1
1202 1730 -1
1635 1214 -1
236 878 -1
400 1485 -1
1553 1501 1
1547 1336 -1
1567 480 -1
1289 692 -1
861 821 1
822 1874 -1
1219 235 -1
578 149 -1
1199 64 -1
431 1105 -1
1845 271 -1
932 739 -1
1647 83 -1
732 1378 -1
912 1333 -1
1246 1823 -1
754 1818 -1
1825 1740 -1
235 851 -1
891 1932 -1
1579 480 -1
1604 1899 -1
1741 354 -1
1410 361 -1
1174 1108 1
631 1266 -1
658 1127 -1
935 1358 -1
608 976 -1
768 1732 -1
1774 744 -1
1386 1357 1
1881 1245 -1
509 1367 -1
1696 1355 -1
1896 1903 1
795 183 -1
310 1770 -1
891 882 1
1435 1429 1
529 1564 -1
1498 72 -1
275 1959 -1
1125 542 -1
1660 0 -1
406 965 -1
262 16 -1
636 1221 -1
1378 592 -1
1334 1970 -1
237 1898 -1
1687 1846 -1
644 215 -1
1687 1457 -1
1475 551 -1
77 1763 -1
223 258 1
1127 1536 -1
55 1047 -1
1785 850 -1
961 1189 -1
1138 994 -1
257 1017 -1
172 249 -1
776 1628 -1
816 305 -1
1844 667 -1
481 596 1
1579 890 -1
953 663 -1
111 1301 -1
48 1749 -1
686 1804 -1
232 697 -1
1182 1826 -1
1637 74 -1
917 1572 -1
1440 669 -1
78 702 -1
692 1292 -1
370 371 1
1007 208 -1
1049 1451 -1
1573 57 -1
1653 847 -1
1874 885 -1
436 1480 -1
1859 1233 -1
1098 149 -1
1142 1745 -1
488 783 -1
1548 1686 -1
1841 1610 -1
1720 533 -1
601 1482 -1
248 852 -1
62 551 -1
600 1484 -1
1629 1765 1
1063 359 -1
139 1069 -1
1795 748 -1
1792 1727 1
1159 1588 -1
1511 273 -1
929 1927 -1
349 1418 -1
1408 1703 -1
886 619 -1
1718 906 -1
980 818 1
1283 1914 -1
196 1000 -1
1210 437 -1
611 642 1
1823 1418 -1
1512 1787 -1
1158 202 -1
1822 666 -1
1747 1297 -1
838 279 -1
706 1716 -1
701 1232 -1
1765 680 -1
1816 1159 -1
407 1301 -1
1074 766 -1
1774 146 -1
739 202 -1
1582 1443 1
1391 797 -1
533 1759 -1
1732 1135 -1
827 1415 -1
1850 1654 -1
1308 1915 -1
1525 1197 -1
208 837 -1
1113 673 -1
1592 662 -1
1585 886 -1
1718 1452 -1
283 1638 -1
1835 629 -1
1957 1120 -1
1243 1736 -1
1946 680 -1
461 1811 -1
91 1232 -1
421 1406 -1
1230 1279 1
39 1493 -1
1464 693 -1
932 659 -1
982 274 -1
1811 1268 -1
963 1596 -1
1561 300 -1
1706 1965 -1
502 1275 -1
1715 1616 1
1071 918 -1
1008 1644 -1
877 670 -1
1184 310 -1
755 1385 -1
957 307 -1
764 1156 -1
280 1796 -1
1248 61 -1
1999 1623 -1
269 33 -1
1130 301 -1
582 635 -1
1836 838 -1
1455 1683 -1
1887 905 -1
1634 1440 -1
1905 961 -1
1865 282 -1
785 91 -1
1297 1577 -1
1212 1573 -1
149 1521 -1
298 868 -1
1959 852 -1
94 1021 -1
1500 1193 -1
61 889 -1
775 0 -1
314 1243 -1
997 205 -1
426 247 -1
939 1706 -1
1358 600 -1
906 1706 -1
1381 1399 1
1226 1302 1
1420 1400 1
93 44 1
751 743 1
1161 1199 1
1715 1705 1
1317 1280 1
1011 1132 1
208 371 1
1109 1089 1
1359 1355 1
358 213 1
734 782 1
305 307 1
1143 1119 1
650 676 1
1738 1696 1
1048 1049 1
1252 1292 1
147 11 1
59 151 1
1495 1517 1
1682 1749 1
739 672 1
278 207 1
358 228 1
1670 1742 1
243 302 1
1485 1529 1
1818 1875 1
1651 1797 1
1191 1173 1
433 496 1
1339 1266 1
1357 1299 1
1925 1865 1
358 274 1
212 292 1
1207 1224 1
25 185 1
795 787 1
682 604 1
827 971 1
1065 1098 1
917 980 1
1666 1796 1
221 250 1
1989 1929 1
1822 1803 1
1092 1184 1
246 262 1
343 266 1
730 759 1
618 640 1
1827 1963 1
1386 1277 1
19 93 1
644 696 1
1285 1308 1
1963 1872 1
1111 1061 1
1687 1711 1
493 486 1
9 127 1
1476 1409 1
1204 1357 1
1635 1789 1
398 226 1
666 766 1
1511 1592 1
733 647 1
547 568 1
1628 1707 1
1223 1321 1
1404 1440 1
441 401 1
1852 1904 1
242 387 1
1515 1599 1
51 178 1
953 872 1
1375 1352 1
1609 1619 1
1748 1730 1
1726 1795 1
373 288 1
664 777 1
900 819 1
220 375 1
1626 1751 1
1590 1554 1
1263 1374 1
627 655 1
613 711 1
1968 1827 1
1232 1344 1
174 6 1
902 927 1
1250 1353 1
1262 1212 1
622 760 1
847 915 1
1040 1076 1
750 663 1
1537 1492 1
349 397 1
1019 1002 1
155 161 1
177 41 1
106 127 1
929 844 1
1259 1296 1
821 802 1
151 10 1
992 886 1
882 832 1
667 649 1
922 868 1
1768 1601 1
686 629 1
1472 1478 1
929 877 1
262 342 1
917 891 1
252 320 1
1767 1753 1
852 966 1
1288 1215 1
1429 1456 1
1255 1213 1
442 512 1
487 413 1
15 95 1
170 25 1
610 681 1
734 747 1
70 2 1
387 294 1
671 702 1
755 646 1
1372 1387 1
789 698 1
1317 1227 1
287 334 1
871 875 1
1249 1242 1
1834 1938 1
1743 1673 1
425 485 1
1040 1163 1
778 732 1
957 986 1
1676 1675 1
1119 1111 1
1233 1392 1
538 487 1
1421 1429 1
1665 1793 1
1741 1735 1
909 849 1
697 639 1
1574 1489 1
831 957 1
110 41 1
53 81 1
1874 1893 1
1671 1686 1
1370 1383 1
877 875 1
58 45 1
184 182 1
191 2 1
636 792 1
1648 1611 1
224 294 1
1053 1047 1
1483 1573 1
1963 1893 1
982 933 1
1668 1639 1
