785 553 -1
1176 947 -1
1593 1823 -1
1930 1967 1
1105 877 -1
1330 760 -1
235 329 1
1434 1307 -1
1864 1608 -1
1877 1136 -1
141 1649 -1
165 1573 -1
1355 663 -1
259 1297 -1
490 247 -1
945 679 -1
582 1529 -1
898 360 -1
1793 111 -1
1941 1171 -1
140 986 -1
1122 1726 -1
495 1791 -1
950 365 -1
636 1213 -1
1628 827 -1
1838 1115 -1
23 148 1
1148 1542 -1
1223 1330 1
1521 704 -1
1247 959 -1
6 48 1
126 594 -1
586 846 -1
1576 570 -1
1887 792 -1
1682 1770 1
783 1391 -1
1108 188 -1
281 1803 -1
835 811 1
1392 446 -1
1377 1770 -1
782 638 1
1474 43 -1
684 1438 -1
75 435 -1
425 280 -1
143 1856 -1
1499 1378 -1
940 376 -1
1624 384 -1
1172 763 -1
838 1661 -1
904 1823 -1
1251 1129 -1
1467 1536 1
634 131 -1
1611 1707 1
1060 1067 1
952 881 1
75 80 1
761 636 1
1324 1277 1
881 941 1
263 344 1
281 247 1
1861 1831 1
481 575 1
1818 1948 1
1623 1601 1
660 714 1
283 316 1
551 594 1
514 586 1
290 242 1
113 173 1
275 351 1
1496 1563 1
1443 1520 1
354 234 1
1777 1741 1
1580 1558 1
1260 1212 1
1737 1760 1
852 936 1
63 125 1
713 702 1
1261 1273 1
1501 1562 1
113 174 1
1266 1343 1
1767 1729 1
1786 1664 1
1424 1473 1
1835 1934 1
569 508 1
112 115 1
107 114 1
