1377 1055 -1
1496 1863 -1
667 852 -1
925 1133 -1
363 371 1
1422 1332 -1
1430 1716 -1
1243 689 -1
165 233 -1
142 1418 -1
1825 1393 -1
1706 1862 -1
736 1975 -1
1404 1977 -1
548 1421 -1
866 369 -1
1558 1994 -1
1902 1822 1
543 1766 -1
1442 36 -1
854 1347 -1
1677 1168 -1
13 1231 -1
1729 1091 -1
373 1610 -1
1376 178 -1
1213 1538 -1
1365 1603 -1
1219 1736 -1
1491 1733 -1
47 46 1
968 1222 -1
958 1975 -1
822 1718 -1
780 490 -1
119 968 -1
1214 1848 -1
1825 1232 -1
1744 180 -1
1745 1606 1
1742 1969 -1
1630 866 -1
1778 1356 -1
1693 1073 -1
434 1180 -1
1075 1149 1
912 982 1
722 924 -1
792 142 -1
1704 294 -1
1091 1653 -1
588 24 -1
1777 1382 -1
1987 1718 -1
1701 743 -1
1255 954 -1
1090 710 -1
143 254 -1
1083 944 -1
1040 127 -1
1230 1045 -1
85 1661 -1
269 455 -1
886 482 -1
1800 735 -1
974 1906 -1
469 319 -1
598 992 -1
1344 1130 -1
202 622 -1
506 1879 -1
1814 1211 -1
274 223 1
145 798 -1
949 104 -1
1059 610 -1
1268 1706 -1
1677 544 -1
1084 1639 -1
569 1127 -1
753 1932 -1
705 1043 -1
258 383 1
190 341 -1
1633 323 -1
982 1215 -1
464 1784 -1
1909 915 -1
1922 843 -1
863 1859 -1
493 1164 -1
1824 1280 -1
1251 324 -1
1154 1386 -1
1562 1145 -1
1680 143 -1
21 1580 -1
1960 1335 -1
1135 1599 -1
1742 1746 1
1956 583 -1
516 1838 -1
1861 1678 -1
285 1802 -1
488 139 -1
1917 1693 -1
1197 1403 -1
1840 658 -1
1920 1471 -1
1076 1088 1
142 73 1
503 405 1
1922 1953 1
1698 1782 1
221 359 1
74 181 1
1141 1126 1
264 252 1
457 501 1
108 46 1
180 0 1
1260 1370 1
86 135 1
689 631 1
1864 1941 1
1886 1890 1
299 231 1
1505 1518 1
1817 1850 1
1089 1102 1
451 497 1
1452 1400 1
279 323 1
18 122 1
890 814 1
141 10 1
1583 1424 1
884 900 1
522 505 1
1584 1591 1
453 493 1
594 552 1
912 963 1
1325 1392 1
1221 1324 1
315 249 1
658 783 1
1007 1086 1
759 753 1
638 607 1
673 731 1
793 673 1
287 360 1
433 506 1
1699 1685 1
417 531 1
1756 1613 1
7 182 1
585 498 1
676 635 1
108 45 1
1346 1309 1
1971 1873 1
261 258 1
1123 1153 1
1808 1824 1
1408 1562 1
539 528 1
649 729 1
749 634 1
1928 1848 1
771 708 1
1550 1499 1
119 142 1
12 197 1
1868 1915 1
221 265 1
1239 1362 1
121 117 1
475 407 1
305 322 1
1502 1503 1
1351 1340 1
548 543 1
1182 1151 1
301 342 1
34 31 1
516 547 1
405 491 1
461 562 1
1138 1011 1
1685 1665 1
578 448 1
1779 1711 1
1491 1465 1
18 194 1
1406 1490 1
193 53 1
1239 1240 1
839 863 1
