122 1233 -1
80 16 1
1440 679 -1
1988 1410 -1
281 1914 -1
1150 831 -1
900 336 -1
1648 674 -1
1213 767 -1
562 1806 -1
395 960 -1
606 1125 -1
1693 1899 -1
101 0 1
872 1371 -1
1041 1918 -1
657 313 -1
486 1544 -1
542 635 -1
1930 1456 -1
275 638 -1
807 1043 -1
313 1909 -1
1888 1049 -1
1959 3 -1
1847 1356 -1
321 1893 -1
1281 365 -1
100 852 -1
1802 769 -1
901 38 -1
1470 1473 1
92 683 -1
1854 1332 -1
379 491 -1
1051 37 -1
796 658 1
777 573 -1
591 820 -1
1921 1626 -1
1033 893 -1
1262 1541 -1
601 1718 -1
1485 249 -1
1213 1439 -1
1116 1488 -1
1160 1640 -1
1238 540 -1
219 343 1
724 1092 -1
905 394 -1
1036 843 -1
1353 502 -1
61 981 -1
249 1927 -1
438 1805 -1
55 46 1
1885 1364 -1
920 1953 -1
654 217 -1
1610 758 -1
1746 1513 -1
1689 1542 -1
1154 1769 -1
555 278 -1
751 1902 -1
1735 1279 -1
1560 1887 -1
1359 1686 -1
732 820 -1
557 1119 -1
1368 1767 -1
1410 757 -1
1653 1485 -1
846 1073 -1
1287 468 -1
325 775 -1
176 940 -1
634 1396 -1
412 919 -1
1316 1542 -1
1550 8 -1
1466 984 -1
479 1946 -1
3 1059 -1
1038 907 -1
283 1902 -1
404 833 -1
399 825 -1
1564 486 -1
978 864 1
134 548 -1
655 1062 -1
473 1287 -1
1273 1070 -1
880 1958 -1
641 1606 -1
179 342 -1
699 1603 -1
1284 471 -1
1497 16 -1
1921 1146 -1
1743 518 -1
812 718 -1
272 1887 -1
793 759 1
1327 994 -1
960 1806 -1
1913 1706 -1
619 1614 -1
1201 124 -1
552 993 -1
484 1100 -1
403 326 -1
11 772 -1
1043 128 -1
931 93 -1
1950 1195 -1
405 73 -1
1043 449 -1
478 546 1
797 525 -1
267 959 -1
493 606 -1
714 11 -1
538 295 -1
1273 1409 -1
125 777 -1
332 31 -1
647 1811 -1
1015 1968 -1
1168 801 -1
805 426 -1
146 1441 -1
1176 1739 -1
1959 1573 -1
1674 811 -1
499 1559 -1
779 1175 -1
719 1172 -1
978 300 -1
1651 1021 -1
1229 232 -1
435 1229 -1
1422 1308 -1
1735 1449 -1
1721 829 -1
198 811 -1
1759 767 -1
709 1935 -1
614 1989 -1
378 477 -1
1060 1370 -1
1698 1640 1
1496 1051 -1
155 300 -1
1633 403 -1
763 111 -1
1067 897 -1
1534 996 -1
1953 140 -1
143 705 -1
830 1315 -1
165 841 -1
817 1233 -1
1649 874 -1
883 1394 -1
271 929 -1
129 1476 -1
1102 1877 -1
213 624 -1
1569 1884 -1
1105 1755 -1
1076 1906 -1
1676 309 -1
104 1674 -1
23 1409 -1
1677 8 -1
961 741 -1
1885 1528 -1
829 780 -1
1733 1709 1
1994 1324 -1
500 449 1
651 178 -1
1891 399 -1
1581 728 -1
1682 159 -1
1473 322 -1
1324 1073 -1
109 71 1
1643 1822 -1
498 1767 -1
1893 1549 -1
675 1181 -1
1884 542 -1
1912 172 -1
1411 1042 -1
245 864 -1
546 533 1
1163 965 -1
100 520 -1
1314 1529 -1
316 158 -1
1825 419 -1
760 1138 -1
691 1136 -1
380 1820 -1
1884 1033 -1
259 569 -1
1843 180 -1
931 1073 -1
882 1305 -1
407 1161 -1
1003 1067 1
272 262 1
767 795 1
96 100 1
637 680 1
893 973 1
1481 1401 1
8 121 1
568 477 1
1218 1345 1
1393 1297 1
312 211 1
153 196 1
77 119 1
1095 1161 1
1535 1474 1
1496 1552 1
872 933 1
1815 1901 1
658 626 1
848 962 1
1290 1272 1
500 578 1
1720 1787 1
1460 1492 1
1936 1985 1
1818 1855 1
106 93 1
1117 1050 1
1915 1904 1
430 502 1
432 449 1
1300 1283 1
1250 1207 1
1991 1873 1
1095 1010 1
1089 1131 1
1206 1283 1
275 355 1
934 822 1
1103 1155 1
599 514 1
90 177 1
344 354 1
667 681 1
171 22 1
1276 1269 1
1438 1552 1
144 87 1
1870 1855 1
196 88 1
1641 1633 1
1786 1689 1
471 556 1
73 53 1
1387 1287 1
1480 1482 1
1919 1994 1
1221 1390 1
1696 1702 1
552 463 1
440 561 1
1859 1947 1
551 432 1
1445 1460 1
1665 1626 1
301 375 1
1917 1830 1
919 918 1
1681 1629 1
1093 1071 1
637 754 1
617 603 1
858 908 1
320 306 1
1935 1908 1
587 435 1
392 221 1
1916 1912 1
631 714 1
368 360 1
1406 1426 1
1694 1737 1
1838 1809 1
1742 1784 1
586 442 1
1796 1674 1
1465 1571 1
1739 1635 1
862 946 1
1488 1597 1
1393 1253 1
1557 1452 1
1896 1952 1
1540 1498 1
421 510 1
464 488 1
1242 1251 1
154 14 1
512 569 1
1421 1532 1
1859 1824 1
452 441 1
215 272 1
1108 1132 1
269 277 1
951 970 1
381 300 1
220 341 1
1146 1063 1
1578 1437 1
1747 1677 1
1627 1743 1
979 947 1
993 872 1
1353 1319 1
1620 1783 1
1799 1749 1
1693 1639 1
502 566 1
526 454 1
444 581 1
962 880 1
1049 1051 1
1200 1371 1
718 674 1
442 538 1
783 603 1
355 241 1
1975 1935 1
183 96 1
795 744 1
1622 1688 1
1707 1720 1
829 839 1
1667 1713 1
331 329 1
1027 1063 1
258 370 1
1305 1319 1
339 291 1
512 496 1
370 375 1
84 105 1
1488 1483 1
1487 1455 1
1136 1143 1
758 704 1
142 151 1
278 339 1
1214 1308 1
1866 1837 1
858 807 1
1319 1390 1
61 121 1
1842 1817 1
1536 1419 1
271 335 1
453 516 1
487 449 1
931 949 1
700 680 1
317 399 1
378 311 1
1346 1289 1
1819 1872 1
75 103 1
4 162 1
1752 1684 1
1086 1024 1
1339 1277 1
486 491 1
1738 1604 1
1554 1496 1
810 816 1
1761 1707 1
1414 1584 1
549 434 1
1245 1286 1
1913 1802 1
218 388 1
1500 1466 1
90 112 1
84 175 1
1797 1724 1
645 716 1
