373 1831 -1
811 1321 -1
737 1704 -1
339 1750 -1
668 900 -1
1539 1877 -1
625 725 1
1802 86 -1
409 142 -1
1434 84 -1
1172 144 -1
548 800 -1
1321 1338 1
165 1765 -1
922 221 -1
1698 1700 1
1927 1998 1
1117 1540 -1
284 733 -1
1409 1384 -1
1376 1365 1
1852 994 -1
457 1733 -1
154 496 -1
1610 1800 -1
1359 1217 1
676 1699 -1
1641 1286 -1
205 1196 -1
322 698 -1
743 814 -1
1666 1530 -1
1810 115 -1
243 1997 -1
482 1559 -1
26 1713 -1
1992 1277 -1
784 900 -1
1824 701 -1
1159 979 -1
501 533 1
117 382 -1
351 540 -1
338 964 -1
128 497 -1
756 483 -1
117 1196 -1
1407 329 -1
1005 548 -1
1391 683 -1
1130 1029 1
389 106 -1
1726 810 -1
1180 1000 1
1159 525 -1
1591 318 -1
75 87 1
332 796 -1
1717 688 -1
1227 1113 -1
1408 1545 1
1807 1888 1
139 28 1
879 946 1
816 861 1
95 16 1
1382 1328 1
143 174 1
1957 1920 1
397 203 1
986 862 1
1920 1941 1
124 9 1
1548 1506 1
431 429 1
223 273 1
82 84 1
1592 1528 1
1890 1929 1
786 633 1
407 431 1
633 631 1
402 536 1
92 35 1
1022 1070 1
900 893 1
325 216 1
1271 1373 1
1883 1986 1
1032 1108 1
116 13 1
779 679 1
919 870 1
1221 1348 1
1954 1811 1
49 34 1
1790 1723 1
798 791 1
1537 1592 1
526 475 1
