31 1598 -1
253 755 -1
644 1382 -1
1053 759 -1
716 492 -1
1973 1512 -1
939 1681 -1
1831 17 -1
1038 306 -1
560 837 -1
1448 906 -1
907 154 -1
702 1778 -1
374 1746 -1
1280 1675 -1
1514 247 -1
1140 1490 -1
1894 870 -1
1214 1208 1
1441 1737 -1
737 1317 -1
1456 885 -1
1323 533 -1
172 1296 -1
1501 661 -1
1680 1548 -1
463 495 1
1158 1402 -1
277 1454 -1
1852 679 -1
176 1960 -1
1660 1503 -1
1186 1135 1
141 1865 -1
865 1488 -1
729 640 1
1834 1072 -1
700 229 -1
165 860 -1
1543 1233 -1
924 158 -1
776 317 -1
510 132 -1
85 830 -1
1815 1856 1
754 790 1
1810 1987 1
1416 857 -1
241 1587 -1
1514 791 -1
583 1481 -1
52 641 -1
1012 442 -1
1982 983 -1
228 1419 -1
445 484 1
1937 1213 -1
660 946 -1
483 262 -1
1419 873 -1
253 1578 -1
1593 406 -1
879 885 1
660 1371 -1
677 1467 -1
1299 1803 -1
355 832 -1
888 152 -1
993 471 -1
80 1043 -1
696 417 -1
1563 1794 -1
291 1999 -1
1510 1625 -1
1596 349 -1
1394 1626 -1
1087 893 -1
1254 1467 -1
492 1055 -1
1320 1176 -1
936 138 -1
1309 766 -1
1919 731 -1
631 1694 -1
1744 541 -1
974 437 -1
221 1671 -1
409 617 -1
1773 185 -1
1046 1343 -1
455 802 -1
635 969 -1
1520 500 -1
1511 185 -1
13 373 -1
1381 140 -1
525 1107 -1
1404 999 -1
626 1493 -1
364 1569 -1
1222 1358 1
345 731 -1
180 505 -1
634 1697 -1
1822 1627 -1
1192 1374 -1
645 662 1
927 333 -1
520 158 -1
1073 692 -1
379 59 -1
951 949 1
1144 1158 1
874 988 1
512 560 1
935 945 1
118 177 1
312 364 1
301 357 1
406 592 1
1924 1917 1
1060 1198 1
814 901 1
46 142 1
1856 1867 1
1923 1826 1
172 77 1
1334 1212 1
874 898 1
433 525 1
574 412 1
1410 1461 1
397 382 1
1522 1439 1
1609 1755 1
1329 1373 1
1825 1810 1
1137 1175 1
1115 1053 1
134 159 1
1015 1089 1
543 462 1
1746 1714 1
668 655 1
901 952 1
1812 1932 1
155 170 1
1091 1022 1
1141 1075 1
1526 1538 1
381 365 1
1920 1896 1
296 329 1
252 350 1
1756 1733 1
1769 1629 1
840 824 1
972 859 1
1637 1657 1
1331 1298 1
1958 1895 1
823 845 1
65 199 1
104 65 1
104 139 1
228 296 1
1394 1304 1
1123 1019 1
1179 1050 1
672 712 1
1600 1780 1
759 682 1
74 81 1
282 219 1
330 377 1
1391 1395 1
609 756 1
770 661 1
1886 1961 1
1626 1795 1
507 426 1
121 87 1
135 161 1
1236 1231 1
443 526 1
1536 1547 1
1357 1292 1
1085 1079 1
1425 1422 1
955 882 1
217 356 1
1526 1494 1
1003 1009 1
1621 1746 1
443 497 1
1934 1821 1
808 942 1
352 295 1
586 405 1
424 575 1
