159 1956 -1
1574 466 -1
893 463 -1
1153 983 -1
509 1105 -1
1701 1399 -1
1637 987 -1
1634 1334 -1
400 1301 -1
1569 1597 1
1657 424 -1
1144 1800 -1
1422 573 -1
733 148 -1
1589 1367 -1
166 561 -1
681 1493 -1
979 1790 -1
1432 1118 -1
321 863 -1
1151 1581 -1
1895 100 -1
991 1491 -1
511 382 -1
1844 1414 -1
1616 798 -1
1779 678 -1
701 1247 -1
1273 1604 -1
1436 813 -1
1204 1414 -1
1398 725 -1
1660 498 -1
524 462 1
1748 426 -1
1564 1246 -1
1468 990 -1
785 689 1
1810 79 -1
1779 1782 1
1638 62 -1
229 1994 -1
81 1609 -1
95 1765 -1
587 1178 -1
72 1912 -1
548 1846 -1
237 1077 -1
1162 1571 -1
1975 1893 1
974 1993 -1
39 945 -1
1264 1613 -1
1332 1461 -1
1081 1739 -1
765 1381 -1
1671 171 -1
1651 1697 1
1070 692 -1
1026 845 -1
274 1009 -1
1191 1743 -1
1376 22 -1
646 1713 -1
187 649 -1
1967 1159 -1
449 1429 -1
190 1921 -1
1050 1140 1
576 1704 -1
1041 953 -1
1729 1197 -1
1666 1114 -1
441 1689 -1
602 978 -1
1671 1036 -1
1496 324 -1
133 1020 -1
613 778 1
318 1917 -1
534 199 -1
523 262 -1
738 1724 -1
808 512 -1
591 1941 -1
964 1672 -1
27 424 -1
1761 811 -1
1606 1808 -1
585 531 1
1625 1630 1
293 1106 -1
1934 686 -1
30 411 -1
1871 961 -1
587 1177 -1
1214 405 -1
1966 1236 -1
1878 952 -1
1951 1612 -1
62 1229 -1
1897 757 -1
490 1249 -1
1038 790 -1
28 1181 -1
1762 1692 1
1354 1052 -1
1398 508 -1
773 1963 -1
1813 280 -1
1716 1682 1
1513 12 -1
781 563 -1
803 1275 -1
170 1905 -1
872 1510 -1
496 1425 -1
372 449 -1
350 1896 -1
800 1011 -1
1452 23 -1
1141 105 -1
1803 1574 -1
577 208 -1
658 967 -1
1931 188 -1
1431 419 -1
1164 803 -1
466 1699 -1
37 678 -1
1076 1405 -1
163 1251 -1
1093 1186 1
1864 238 -1
753 766 1
505 1499 -1
536 1349 -1
314 1851 -1
1950 30 -1
1899 1556 -1
1834 975 -1
1908 1148 -1
830 1802 -1
569 630 -1
1839 1017 -1
344 1951 -1
1426 1643 -1
1684 998 -1
795 868 -1
1204 664 -1
212 118 -1
1131 1443 -1
852 397 -1
1369 877 -1
1818 292 -1
1622 872 -1
159 1379 -1
382 686 -1
1526 472 -1
931 72 -1
867 508 -1
1875 984 -1
1513 824 -1
791 666 1
115 985 -1
996 330 -1
278 1558 -1
1432 1808 -1
1836 1180 -1
763 912 -1
1601 704 -1
1985 334 -1
956 1286 -1
685 1373 -1
562 1435 -1
169 496 -1
598 1385 -1
1705 400 -1
154 1279 -1
932 1528 -1
522 1405 -1
1990 186 -1
222 413 -1
1183 254 -1
1957 590 -1
61 597 -1
646 4 -1
1970 1189 -1
1426 729 -1
1287 1790 -1
371 1618 -1
1588 155 -1
870 454 -1
1273 704 -1
632 1278 -1
237 1042 -1
334 1798 -1
941 1934 -1
453 722 -1
979 1116 -1
957 1251 -1
1451 1558 1
936 1444 -1
1906 1628 -1
2 492 -1
1383 1142 -1
1808 776 -1
903 337 -1
123 226 -1
370 982 -1
1123 1316 -1
315 127 -1
1445 842 -1
1233 898 -1
1477 523 -1
1462 1553 1
1876 1260 -1
1668 1742 1
265 307 1
702 778 1
1786 1794 1
265 209 1
848 988 1
548 558 1
1626 1654 1
720 668 1
1832 1850 1
61 62 1
461 414 1
47 98 1
1583 1443 1
1906 1966 1
1999 1899 1
261 364 1
1228 1332 1
1405 1535 1
904 880 1
332 209 1
1743 1772 1
77 142 1
427 438 1
1027 1079 1
1460 1541 1
224 272 1
530 440 1
727 704 1
373 248 1
1271 1347 1
1708 1761 1
256 253 1
1504 1454 1
1571 1474 1
1838 1943 1
602 622 1
290 384 1
1433 1537 1
1283 1368 1
880 836 1
1234 1208 1
1372 1392 1
1125 1033 1
353 243 1
1614 1680 1
1259 1203 1
171 55 1
609 604 1
1198 1021 1
199 42 1
1815 1967 1
530 576 1
1469 1510 1
1713 1627 1
1354 1324 1
454 512 1
511 572 1
620 693 1
871 829 1
297 255 1
125 132 1
1853 1808 1
1509 1462 1
316 326 1
257 213 1
1665 1628 1
199 97 1
11 94 1
1943 1934 1
1461 1521 1
1329 1264 1
532 478 1
921 917 1
47 36 1
1662 1715 1
1143 1132 1
465 454 1
1966 1802 1
359 367 1
690 797 1
1271 1279 1
1390 1303 1
1641 1714 1
1959 1916 1
529 427 1
709 717 1
1990 1982 1
1933 1815 1
1394 1290 1
1711 1614 1
855 934 1
1950 1922 1
232 314 1
1040 1035 1
1879 1930 1
1333 1320 1
416 564 1
227 215 1
1710 1640 1
1583 1452 1
1706 1771 1
1166 1025 1
338 265 1
1796 1644 1
1583 1444 1
1484 1562 1
558 599 1
658 729 1
1382 1207 1
1345 1309 1
798 659 1
3 91 1
190 108 1
636 613 1
119 64 1
1646 1632 1
778 643 1
1015 1124 1
1814 1936 1
845 804 1
57 132 1
1155 1022 1
1602 1654 1
1489 1566 1
209 335 1
544 504 1
638 631 1
210 256 1
1714 1617 1
1739 1764 1
1236 1244 1
1955 1872 1
1969 1971 1
584 508 1
1862 1855 1
1803 1987 1
859 956 1
1254 1371 1
1020 1156 1
663 656 1
1042 1193 1
1990 1887 1
659 689 1
644 793 1
1013 1102 1
1026 1098 1
298 255 1
676 614 1
298 308 1
670 769 1
1361 1373 1
1513 1499 1
1867 1959 1
71 57 1
1017 1026 1
1045 1189 1
776 702 1
950 853 1
1608 1652 1
139 151 1
1543 1473 1
581 550 1
1315 1219 1
1830 1933 1
935 886 1
981 924 1
826 992 1
319 371 1
1009 1154 1
1956 1928 1
55 158 1
594 462 1
273 364 1
1499 1464 1
1598 1410 1
212 293 1
1252 1239 1
1429 1473 1
357 210 1
1972 1844 1
1394 1252 1
236 205 1
