584 789 -1
1135 755 -1
1138 249 -1
353 1375 -1
1926 916 -1
101 1714 -1
1179 1270 -1
838 1925 -1
270 821 -1
1865 198 -1
1994 478 -1
831 934 1
1644 668 -1
1975 943 -1
730 1967 -1
1204 1017 -1
322 1991 -1
42 1985 -1
1350 233 -1
1640 1158 -1
350 1089 -1
1936 23 -1
238 1859 -1
1424 1315 -1
1486 1084 -1
756 550 -1
1983 1828 1
771 993 -1
9 1234 -1
1630 1781 1
1036 1896 -1
568 761 -1
1426 1037 -1
1420 337 -1
169 1884 -1
1206 724 -1
1137 249 -1
278 153 -1
1608 1607 1
550 875 -1
1251 1039 -1
1289 1492 -1
182 1308 -1
1780 1085 -1
964 1862 -1
1339 949 -1
937 1850 -1
906 881 1
1695 1113 -1
1820 49 -1
1955 180 -1
1006 830 -1
1919 1508 -1
1532 1286 -1
1041 1540 -1
619 738 1
750 745 1
1705 1618 1
115 22 1
1701 1723 1
84 51 1
1310 1278 1
1587 1423 1
1439 1486 1
1656 1723 1
379 265 1
1270 1397 1
942 814 1
91 196 1
344 206 1
1764 1799 1
14 128 1
272 381 1
972 866 1
1176 1123 1
1235 1389 1
1558 1590 1
577 500 1
630 627 1
240 332 1
1610 1688 1
1851 1861 1
23 136 1
112 150 1
1393 1227 1
1487 1548 1
796 625 1
1437 1542 1
786 657 1
1598 1437 1
1799 1627 1
997 911 1
1367 1297 1
1460 1447 1
1277 1384 1
1529 1518 1
6 173 1
991 809 1
462 553 1
888 944 1
