1379 777 -1
19 1737 -1
467 211 -1
1167 425 -1
212 1 -1
383 886 -1
830 105 -1
1386 397 -1
80 1480 -1
786 1445 -1
155 942 -1
1020 1313 -1
19 1950 -1
1174 277 -1
1523 861 -1
926 1379 -1
1718 1096 -1
447 995 -1
1083 1754 -1
163 62 1
662 724 1
1843 86 -1
486 1025 -1
353 1910 -1
1197 116 -1
105 705 -1
1068 228 -1
1606 1528 -1
1042 1599 -1
431 1270 -1
1460 189 -1
1983 573 -1
1963 1212 -1
854 1794 -1
247 1416 -1
845 1884 -1
858 97 -1
849 1545 -1
1533 1673 -1
1991 1287 -1
1828 1787 -1
835 659 -1
102 1912 -1
1148 1384 -1
1001 268 -1
1559 916 -1
1808 1496 -1
714 1660 -1
221 330 1
1565 290 -1
38 721 -1
216 593 -1
684 1840 -1
950 1217 -1
1090 769 -1
1082 629 -1
274 1932 -1
1962 776 -1
1303 1601 -1
473 1535 -1
854 648 -1
581 1881 -1
1254 735 -1
470 879 -1
1003 1558 -1
1511 812 -1
481 465 1
913 1650 -1
685 798 1
1759 1727 1
386 1774 -1
1289 54 -1
472 21 -1
422 443 1
1128 1625 -1
1181 324 -1
603 1418 -1
765 868 -1
236 1759 -1
1808 1112 -1
289 674 -1
847 1753 -1
1065 410 -1
533 1306 -1
818 160 -1
1790 1454 -1
1545 1265 -1
1018 221 -1
1167 1751 -1
512 1097 -1
1239 1384 1
1661 346 -1
603 1311 -1
1710 1181 -1
1819 1821 1
1179 46 -1
1695 524 -1
1818 894 -1
114 1040 -1
438 1584 -1
1992 1448 -1
1556 1230 -1
1556 879 -1
1737 1935 -1
1852 645 -1
982 1907 -1
265 1231 -1
1241 148 -1
1554 746 -1
1803 1828 1
1312 1293 1
1955 1831 1
1352 1226 1
111 55 1
1667 1645 1
520 421 1
1485 1487 1
1451 1465 1
1792 1710 1
1502 1544 1
560 557 1
1002 1035 1
1925 1921 1
1066 1059 1
573 438 1
849 969 1
27 3 1
1092 1178 1
172 102 1
1387 1350 1
1823 1836 1
1207 1334 1
1338 1384 1
817 969 1
1764 1709 1
150 66 1
389 228 1
1814 1993 1
1469 1495 1
168 53 1
1013 1024 1
1454 1574 1
1130 1085 1
952 859 1
888 883 1
272 378 1
142 124 1
1640 1754 1
700 782 1
492 499 1
284 329 1
363 375 1
1544 1402 1
343 265 1
857 896 1
974 850 1
441 457 1
1948 1807 1
577 467 1
723 676 1
698 771 1
1235 1221 1
1501 1566 1
86 79 1
330 223 1
479 440 1
476 598 1
831 965 1
1815 1866 1
315 254 1
18 53 1
224 282 1
1935 1958 1
77 175 1
871 919 1
1467 1426 1
780 689 1
609 722 1
1661 1786 1
1385 1274 1
1652 1718 1
1631 1708 1
827 800 1
1668 1626 1
1280 1386 1
1382 1287 1
1235 1292 1
1228 1229 1
726 729 1
1968 1891 1
89 10 1
624 696 1
1905 1934 1
787 717 1
1537 1572 1
1543 1533 1
861 997 1
210 376 1
868 888 1
999 864 1
