1861 1487 -1
810 1444 -1
1402 388 -1
1912 1890 1
1741 1086 -1
9 563 -1
1367 640 -1
1844 356 -1
1569 188 -1
212 149 -1
339 1730 -1
1880 841 -1
1972 1522 -1
435 1224 -1
871 328 -1
709 633 1
1068 424 -1
1349 1635 -1
1259 1305 1
1090 1769 -1
1271 730 -1
1091 1227 -1
9 350 -1
1696 399 -1
1313 1218 1
10 590 -1
1527 615 -1
1920 1351 -1
1546 39 -1
1221 712 -1
590 497 1
63 720 -1
265 162 -1
1432 32 -1
642 1673 -1
1240 1676 -1
1815 857 -1
1100 510 -1
1052 501 -1
1362 1847 -1
42 1351 -1
1519 1900 -1
1819 1959 1
587 1856 -1
1989 1319 -1
421 1648 -1
1898 476 -1
1141 1575 -1
1656 65 -1
1707 953 -1
333 1636 -1
868 520 -1
896 1536 -1
419 1979 -1
379 1164 -1
1960 36 -1
1687 1828 -1
1579 442 -1
248 1343 -1
1814 516 -1
1286 1483 -1
668 1249 -1
264 813 -1
1036 352 -1
1108 1067 1
490 1085 -1
1794 345 -1
743 38 -1
35 530 -1
791 1609 -1
523 1321 -1
1606 1505 -1
1203 73 -1
950 1047 -1
184 405 -1
1798 851 -1
220 1184 -1
960 632 -1
1053 509 -1
729 1081 -1
153 337 -1
915 1089 -1
1459 351 -1
765 1239 -1
581 985 -1
1747 146 -1
608 270 -1
1596 762 -1
1466 594 -1
822 63 -1
255 1185 -1
776 1807 -1
56 1916 -1
241 306 1
499 685 -1
80 1188 -1
380 982 -1
1731 236 -1
314 1765 -1
1173 1005 1
981 431 -1
848 103 -1
194 992 -1
1470 960 -1
147 314 -1
172 1338 -1
1510 124 -1
1620 1581 -1
1494 468 -1
1816 1247 -1
1234 329 -1
260 1190 -1
1764 1525 -1
263 1327 -1
10 1334 -1
557 1288 -1
644 1371 -1
631 1421 -1
334 652 -1
834 543 -1
1652 1381 -1
372 561 -1
1443 226 -1
1621 77 -1
1563 1447 1
803 415 -1
1177 1070 1
434 830 -1
1661 383 -1
1784 1741 1
505 1153 -1
380 332 1
560 1662 -1
1709 1631 1
1202 434 -1
165 796 -1
1992 833 -1
529 521 1
319 624 -1
435 1914 -1
1944 1951 1
294 321 1
1383 227 -1
550 1432 -1
92 436 -1
1598 1144 -1
1818 925 -1
1307 913 -1
1392 1678 -1
1684 77 -1
1794 1531 -1
720 1206 -1
1037 698 -1
1821 595 -1
1112 722 -1
1998 1903 1
1456 136 -1
21 421 -1
1270 694 -1
1015 1277 -1
811 250 -1
207 1661 -1
335 1459 -1
1048 724 -1
969 650 -1
1599 227 -1
844 549 -1
1057 264 -1
1644 983 -1
1204 333 -1
1829 1520 -1
551 37 -1
949 650 -1
137 832 -1
1066 613 -1
480 60 -1
357 1653 -1
324 1165 -1
963 1198 -1
496 149 -1
71 1739 -1
635 535 -1
670 1384 -1
1977 391 -1
1862 168 -1
785 553 -1
76 481 -1
987 646 -1
968 1879 -1
326 1933 -1
1366 1614 -1
1213 199 -1
200 1588 -1
107 716 -1
397 1476 -1
455 1750 -1
903 376 -1
1760 1185 -1
1670 13 -1
931 1395 -1
1232 1857 -1
1308 351 -1
1022 778 -1
1210 236 -1
203 1956 -1
1083 233 -1
1715 347 -1
1137 1785 -1
1312 24 -1
808 1508 -1
1558 555 -1
1378 1647 -1
53 369 -1
596 1251 -1
1124 1736 -1
980 671 -1
320 540 -1
1538 1783 -1
392 312 1
334 292 1
1009 1000 1
695 792 1
1745 1645 1
1980 1917 1
1682 1639 1
1010 1177 1
184 199 1
555 506 1
662 778 1
393 285 1
585 455 1
468 464 1
272 305 1
1110 1091 1
1594 1494 1
140 31 1
1489 1553 1
289 280 1
1751 1733 1
1950 1941 1
1856 1809 1
344 234 1
45 199 1
1342 1374 1
807 894 1
1470 1416 1
927 962 1
359 215 1
419 573 1
926 983 1
1370 1323 1
1763 1770 1
57 103 1
2 37 1
1114 1178 1
1982 1839 1
857 997 1
1227 1337 1
89 22 1
364 322 1
1950 1927 1
1844 1872 1
1123 1184 1
391 242 1
1624 1649 1
1669 1721 1
538 457 1
442 512 1
121 148 1
389 390 1
1573 1539 1
983 945 1
150 55 1
226 356 1
1808 1996 1
869 962 1
1578 1541 1
1427 1526 1
1520 1591 1
1681 1645 1
1064 1074 1
425 470 1
395 241 1
1212 1366 1
1735 1692 1
1404 1520 1
106 128 1
1110 1113 1
1077 1121 1
1540 1514 1
533 500 1
8 57 1
79 78 1
387 270 1
1861 1912 1
1888 1828 1
1052 1185 1
1805 1962 1
1911 1972 1
659 662 1
1456 1537 1
1976 1805 1
812 891 1
1820 1892 1
1073 1006 1
409 426 1
899 888 1
766 746 1
1891 1986 1
1826 1889 1
1904 1803 1
699 712 1
1175 1107 1
1306 1285 1
1373 1363 1
901 998 1
820 860 1
1852 1875 1
642 771 1
945 889 1
467 457 1
361 326 1
1742 1656 1
1448 1500 1
860 808 1
1309 1397 1
89 190 1
1944 1817 1
1931 1803 1
1123 1023 1
957 969 1
212 210 1
1111 1131 1
588 401 1
1563 1433 1
1928 1807 1
1675 1612 1
725 734 1
1065 1077 1
1879 1974 1
1704 1784 1
441 516 1
5 68 1
1468 1586 1
1491 1528 1
1615 1727 1
1671 1627 1
822 827 1
1318 1284 1
552 508 1
1207 1399 1
108 40 1
1434 1551 1
433 457 1
1924 1879 1
1074 1044 1
270 338 1
496 456 1
855 858 1
552 595 1
1316 1324 1
705 640 1
597 497 1
1496 1410 1
1922 1881 1
897 985 1
1719 1795 1
1284 1236 1
593 582 1
266 326 1
847 854 1
1047 1153 1
1058 1154 1
1849 1923 1
1193 1050 1
1642 1702 1
1401 1586 1
1781 1644 1
1041 1023 1
912 841 1
38 174 1
211 286 1
1532 1478 1
1269 1316 1
655 789 1
135 155 1
862 981 1
1813 1939 1
1134 1132 1
1044 1189 1
413 474 1
846 944 1
1133 1161 1
1834 1892 1
121 90 1
1866 1965 1
154 192 1
209 361 1
404 402 1
853 837 1
