1087 1981 -1
1772 1210 -1
1623 1462 -1
300 284 1
553 37 -1
410 557 1
1436 1980 -1
1442 477 -1
1390 673 -1
1971 1569 -1
783 661 1
1147 1773 -1
642 38 -1
91 1979 -1
1147 240 -1
1850 218 -1
1697 1777 1
1308 70 -1
252 1559 -1
985 1292 -1
1587 773 -1
250 1548 -1
1324 1811 -1
1536 492 -1
1832 589 -1
560 1546 -1
1953 762 -1
69 1934 -1
545 977 -1
1249 966 -1
1997 1728 -1
1339 221 -1
341 1816 -1
190 837 -1
652 1469 -1
64 899 -1
103 1735 -1
1469 1177 -1
1941 288 -1
758 24 -1
131 909 -1
1330 255 -1
54 1557 -1
908 667 -1
450 455 1
107 984 -1
461 397 -1
1612 1614 1
489 965 -1
1098 1462 -1
1143 957 -1
1776 1779 1
1283 1102 -1
778 1496 -1
188 1888 -1
937 1671 -1
448 1067 -1
154 62 1
66 158 1
1103 1173 1
1289 1241 1
1779 1757 1
958 841 1
1385 1273 1
1506 1455 1
500 512 1
1729 1701 1
759 694 1
412 507 1
1505 1466 1
926 863 1
408 406 1
810 852 1
129 168 1
1468 1585 1
1962 1915 1
892 941 1
1538 1565 1
299 218 1
631 677 1
849 843 1
956 817 1
419 459 1
1932 1806 1
1843 1932 1
51 169 1
731 689 1
143 77 1
1873 1862 1
180 96 1
832 880 1
1318 1248 1
495 453 1
372 295 1
1883 1914 1
1810 1883 1
89 136 1
1253 1266 1
1143 1140 1
1414 1463 1
