403 643 -1
556 736 -1
1084 1117 1
1769 792 -1
1312 879 -1
693 1541 -1
330 1118 -1
644 1022 -1
642 418 -1
1758 1982 -1
431 831 -1
1334 924 -1
1994 763 -1
1926 222 -1
249 1631 -1
1414 1205 -1
1662 831 -1
93 249 -1
1062 1573 -1
541 1374 -1
1558 1535 1
142 1990 -1
875 1685 -1
1661 406 -1
890 1445 -1
968 1041 -1
720 883 -1
584 1592 -1
1057 422 -1
658 1960 -1
1089 1327 -1
915 1658 -1
261 1829 -1
1117 1092 1
325 1020 -1
146 98 1
1506 277 -1
796 1924 -1
992 1331 -1
660 957 -1
1557 1970 -1
752 1326 -1
501 1846 -1
1041 924 -1
461 674 -1
978 1201 -1
1000 124 -1
161 191 1
1663 1929 -1
639 306 -1
1665 1701 1
1040 586 -1
1518 43 -1
1817 1880 1
1562 735 -1
1608 948 -1
1912 402 -1
611 86 -1
1135 345 -1
907 547 -1
1970 819 -1
1325 1014 -1
1967 248 -1
825 770 -1
1431 1637 -1
1472 773 -1
1074 1725 -1
1895 397 -1
1970 918 -1
489 1589 -1
1477 178 -1
1076 1759 -1
1714 1901 -1
941 1910 -1
671 1048 -1
1 210 -1
1858 1748 -1
934 1250 -1
1695 464 -1
169 1980 -1
655 1695 -1
1176 453 -1
1038 1716 -1
1942 353 -1
0 1722 -1
6 1509 -1
533 1127 -1
1049 1730 -1
618 208 -1
1368 1452 -1
815 616 -1
153 483 -1
1207 1616 -1
877 966 1
376 218 1
1098 1670 -1
356 1104 -1
1845 845 -1
517 1883 -1
481 993 -1
695 1534 -1
1035 859 -1
182 1235 -1
474 1045 -1
1051 890 -1
885 110 -1
243 152 -1
1705 1209 -1
263 1231 -1
1690 1731 1
1552 1437 1
1597 1452 1
1486 1493 1
25 117 1
1882 1903 1
865 911 1
1554 1429 1
1309 1245 1
658 663 1
1519 1497 1
1689 1600 1
961 839 1
1256 1238 1
622 756 1
949 935 1
771 719 1
1307 1375 1
312 207 1
1665 1606 1
863 879 1
623 661 1
88 112 1
1107 1083 1
1487 1540 1
1687 1603 1
708 658 1
536 561 1
1090 1109 1
632 627 1
678 677 1
1280 1294 1
1396 1356 1
865 845 1
1466 1583 1
591 480 1
382 302 1
28 52 1
1820 1885 1
331 374 1
1771 1761 1
1517 1522 1
825 995 1
1570 1455 1
409 408 1
392 279 1
888 913 1
755 739 1
1741 1659 1
1948 1903 1
1345 1217 1
268 320 1
1994 1898 1
1991 1931 1
1117 1063 1
1532 1420 1
1156 1013 1
1983 1845 1
1218 1370 1
1950 1908 1
1843 1887 1
781 779 1
1504 1483 1
667 759 1
1344 1277 1
628 725 1
285 363 1
1966 1801 1
540 526 1
287 215 1
1858 1969 1
402 434 1
1518 1422 1
741 692 1
357 398 1
1414 1438 1
1841 1901 1
1927 1859 1
1756 1763 1
731 782 1
827 974 1
1761 1657 1
1133 1064 1
1678 1720 1
1540 1444 1
268 353 1
1351 1251 1
380 228 1
1499 1465 1
355 248 1
890 972 1
