411 1011 -1
489 580 1
634 424 -1
404 402 1
1812 1666 -1
1156 303 -1
997 1350 -1
1029 368 -1
1210 290 -1
316 1395 -1
1835 1799 -1
336 851 -1
1584 1818 -1
1929 265 -1
1114 952 -1
1040 434 -1
1372 1798 -1
1071 474 -1
1326 1485 -1
454 1792 -1
1405 1693 -1
1604 531 -1
1857 1682 -1
301 1250 -1
1950 583 -1
100 632 -1
357 1239 -1
44 870 -1
1450 646 -1
1269 408 -1
1125 1632 -1
995 419 -1
1116 525 -1
423 1025 -1
1633 1979 -1
662 217 -1
291 1136 -1
113 1667 -1
1821 361 -1
322 559 -1
347 665 -1
559 1173 -1
1547 721 -1
1187 904 -1
1133 1188 1
1194 955 -1
1184 11 -1
1081 890 -1
792 1674 -1
668 746 1
1083 386 -1
7 1089 -1
721 92 -1
1540 735 -1
501 613 -1
734 1788 -1
318 1629 -1
786 610 1
843 827 1
1472 1182 -1
1048 1082 1
1945 485 -1
1515 1074 -1
171 1194 -1
1465 595 -1
1682 1584 -1
434 541 1
29 221 -1
1597 1024 -1
1299 1671 -1
677 260 -1
208 1257 -1
782 390 -1
1433 1287 -1
1769 1400 -1
828 94 -1
261 1383 -1
620 1931 -1
800 1699 -1
557 474 1
177 408 -1
1670 197 -1
1610 499 -1
571 1079 -1
911 1178 -1
1298 557 -1
1646 234 -1
687 1645 -1
1811 768 -1
1525 1891 -1
1393 1782 -1
1416 1270 -1
40 1654 -1
252 517 -1
1175 367 -1
1069 1161 1
1206 1858 -1
1826 1670 -1
75 1425 -1
1522 1538 1
1785 1273 -1
1129 785 -1
1275 647 -1
649 622 1
1998 185 -1
1134 488 -1
368 408 -1
1269 1033 -1
1674 1162 -1
522 1885 -1
76 1581 -1
796 377 -1
1168 1614 -1
917 371 -1
1207 8 -1
1924 1379 -1
659 414 -1
244 1666 -1
1501 1379 -1
1493 1951 -1
1105 1761 -1
1905 1323 -1
1120 51 -1
197 1337 -1
976 652 -1
8 94 1
1242 529 -1
1902 1281 -1
1793 1643 1
1434 430 -1
814 1982 -1
797 1525 -1
987 1265 -1
390 170 -1
1706 898 -1
106 1160 -1
1457 84 -1
1069 1955 -1
1200 78 -1
296 255 1
1153 76 -1
1900 751 -1
689 277 -1
1758 1375 -1
1319 658 -1
1539 1995 -1
89 86 1
1012 1662 -1
1849 463 -1
1325 307 -1
1416 1468 1
1186 793 -1
876 715 -1
1626 1095 -1
1867 413 -1
1373 1113 -1
1862 833 -1
595 1179 -1
1967 175 -1
319 1392 -1
579 325 -1
1912 772 -1
250 1308 -1
67 1142 -1
323 275 1
175 1713 -1
536 1482 -1
1729 1984 -1
1289 36 -1
543 1773 -1
176 605 -1
307 1966 -1
615 686 1
698 418 -1
1762 231 -1
615 1908 -1
1250 1310 1
1095 672 -1
1491 1338 -1
342 848 -1
1772 1519 -1
1557 1517 1
236 1041 -1
880 1634 -1
587 1025 -1
1737 819 -1
544 1482 -1
757 804 -1
1957 1638 -1
435 1174 -1
1416 694 -1
1257 222 -1
81 878 -1
711 943 -1
648 347 -1
1319 1236 1
136 1906 -1
1469 941 -1
872 1679 -1
1 625 -1
431 241 -1
611 276 -1
567 1092 -1
1126 1248 -1
1394 722 -1
1290 550 -1
89 1220 -1
1528 184 -1
1946 788 -1
1296 12 -1
857 1833 -1
1567 366 -1
33 71 1
107 1890 -1
1568 367 -1
1002 1423 -1
1780 142 -1
1054 1988 -1
411 1532 -1
1654 1604 1
1679 1275 -1
558 528 1
939 1438 -1
544 1604 -1
1406 616 -1
46 166 1
901 983 1
621 636 1
822 839 1
1534 1557 1
681 719 1
369 278 1
848 897 1
1961 1998 1
505 417 1
1297 1348 1
151 177 1
1060 1123 1
413 540 1
314 362 1
1207 1300 1
1171 1131 1
573 503 1
1309 1201 1
109 138 1
179 146 1
1278 1268 1
824 806 1
1344 1254 1
441 456 1
384 294 1
1315 1236 1
104 108 1
802 834 1
571 492 1
975 868 1
579 510 1
454 423 1
1867 1937 1
667 739 1
1311 1323 1
1850 1862 1
945 958 1
238 391 1
675 738 1
1356 1353 1
1848 1884 1
523 594 1
1679 1635 1
1920 1867 1
1093 1059 1
836 810 1
749 627 1
578 591 1
92 147 1
665 754 1
389 236 1
1786 1785 1
440 406 1
499 415 1
1472 1520 1
1588 1453 1
624 712 1
249 262 1
1982 1908 1
59 182 1
1195 1136 1
399 313 1
459 526 1
1470 1484 1
1431 1511 1
27 152 1
416 489 1
254 351 1
1035 1160 1
950 810 1
448 429 1
1962 1880 1
181 30 1
90 6 1
1844 1963 1
350 329 1
1730 1657 1
1825 1944 1
140 124 1
886 993 1
972 871 1
1141 1182 1
1539 1557 1
1311 1258 1
156 42 1
976 923 1
937 858 1
1669 1741 1
47 105 1
1343 1350 1
1214 1275 1
1680 1762 1
189 177 1
963 843 1
1817 1955 1
434 488 1
230 381 1
699 659 1
1804 1983 1
1054 1122 1
73 140 1
1194 1021 1
1338 1369 1
449 532 1
1279 1332 1
400 415 1
865 947 1
70 95 1
1424 1572 1
1279 1364 1
1759 1735 1
597 498 1
499 517 1
26 38 1
604 744 1
1011 1167 1
1983 1917 1
1750 1696 1
1216 1382 1
1148 1067 1
204 394 1
1640 1774 1
1724 1708 1
1226 1208 1
327 279 1
827 963 1
425 428 1
1404 1590 1
1678 1645 1
774 651 1
9 73 1
366 245 1
733 758 1
1264 1361 1
960 996 1
964 976 1
592 476 1
210 223 1
79 30 1
646 777 1
463 403 1
1046 1029 1
1736 1629 1
1288 1255 1
651 714 1
58 76 1
27 48 1
309 363 1
808 972 1
521 473 1
1060 1081 1
755 732 1
539 441 1
120 148 1
1667 1775 1
57 25 1
135 151 1
74 19 1
1177 1143 1
1487 1435 1
180 27 1
990 962 1
1774 1780 1
711 670 1
972 844 1
825 879 1
1852 1844 1
1410 1420 1
271 266 1
619 790 1
607 601 1
1376 1303 1
1575 1485 1
314 303 1
