1280 1572 -1
664 518 -1
1963 1844 1
667 1577 -1
1943 1188 -1
1460 1073 -1
89 450 -1
575 1806 -1
380 1269 -1
49 937 -1
1917 1742 -1
313 283 1
864 1785 -1
1398 453 -1
741 1561 -1
599 1471 -1
898 499 -1
828 1650 -1
1971 1968 1
253 1250 -1
1007 1287 -1
269 588 -1
1659 1032 -1
578 1405 -1
139 816 -1
1015 198 -1
1277 1641 -1
1292 618 -1
1397 1979 -1
1532 759 -1
375 1913 -1
1089 1786 -1
641 1340 -1
1541 1546 1
1189 1503 -1
346 131 -1
657 1295 -1
117 1356 -1
1602 788 -1
365 1825 -1
1432 1058 -1
1349 1000 -1
1727 1204 -1
1551 952 -1
686 1499 -1
1150 1630 -1
1455 1349 -1
930 644 -1
1035 1698 -1
395 432 -1
93 671 -1
1441 1151 -1
1852 167 -1
909 1538 -1
1890 1868 1
1610 1775 1
916 872 1
741 609 1
1404 1407 1
479 506 1
597 571 1
571 402 1
1325 1227 1
1152 1129 1
452 533 1
1922 1820 1
1104 1058 1
1388 1261 1
850 895 1
1261 1295 1
1739 1613 1
595 494 1
396 292 1
1275 1387 1
1512 1554 1
1902 1989 1
685 786 1
157 175 1
1948 1826 1
360 318 1
1076 1071 1
2 144 1
1465 1516 1
224 262 1
1030 1048 1
153 133 1
1306 1288 1
1174 1103 1
290 333 1
1496 1591 1
319 314 1
718 665 1
159 135 1
1642 1612 1
1204 1396 1
434 563 1
634 623 1
1491 1440 1
291 297 1
1891 1807 1
