1056 1549 -1
585 1931 -1
782 1117 -1
1489 746 -1
578 865 -1
98 1511 -1
1977 1269 -1
1383 1708 -1
1210 897 -1
470 116 -1
803 260 -1
1069 1970 -1
719 1584 -1
476 1051 -1
1935 1093 -1
1686 858 -1
165 490 -1
981 903 1
417 1413 -1
1868 1964 1
372 130 -1
1943 38 -1
1954 625 -1
1841 1912 1
1396 694 -1
1919 569 -1
349 775 -1
1260 1531 -1
1492 517 -1
52 1247 -1
1929 580 -1
1039 1806 -1
1745 723 -1
1677 1806 -1
457 1344 -1
756 1868 -1
1777 630 -1
1560 737 -1
858 1858 -1
1802 809 -1
1075 540 -1
1459 298 -1
839 1399 -1
643 1328 -1
1554 296 -1
1304 1642 -1
463 299 -1
873 1963 -1
71 1981 -1
1284 80 -1
829 644 -1
1618 1310 -1
734 1918 -1
40 1972 -1
166 1861 -1
1265 267 -1
464 1014 -1
112 1919 -1
1957 576 -1
1172 1872 -1
29 1799 -1
279 1110 -1
1991 1416 -1
286 1646 -1
1676 1986 -1
36 960 -1
1985 325 -1
31 1407 -1
47 1041 -1
1045 104 -1
688 1843 -1
945 310 -1
1587 1395 -1
547 110 -1
1292 1563 -1
1848 298 -1
1517 1934 -1
369 1091 -1
1258 1550 -1
225 1580 -1
21 666 -1
1987 1886 1
37 169 1
1731 58 -1
63 169 1
1125 1916 -1
1067 996 -1
304 1362 -1
1385 476 -1
1816 1093 -1
209 1014 -1
981 1699 -1
984 680 -1
1401 1571 1
1242 1403 -1
366 536 -1
1769 705 -1
355 1067 -1
178 865 -1
661 71 -1
768 1244 -1
540 1547 -1
352 221 1
374 205 1
1072 662 -1
17 1418 -1
832 476 -1
798 216 -1
183 404 -1
1378 1394 1
1699 1764 1
187 90 1
1586 1523 1
1267 1243 1
1916 1972 1
1871 1928 1
1636 1709 1
1080 1078 1
171 195 1
145 193 1
129 43 1
1386 1318 1
602 622 1
595 491 1
1542 1583 1
173 194 1
1341 1334 1
787 766 1
973 907 1
131 63 1
446 515 1
322 373 1
269 373 1
1118 1013 1
1176 1173 1
945 849 1
1598 1479 1
1951 1978 1
1499 1435 1
1801 1918 1
1253 1378 1
920 860 1
1191 1056 1
1558 1570 1
1683 1605 1
1662 1769 1
1533 1471 1
362 241 1
290 270 1
1074 1039 1
1852 1899 1
712 711 1
803 863 1
886 875 1
699 609 1
459 448 1
904 832 1
1693 1696 1
376 210 1
1087 1077 1
1330 1240 1
960 845 1
1651 1676 1
1466 1427 1
698 730 1
466 469 1
1626 1663 1
1538 1515 1
1133 1037 1
263 227 1
883 866 1
433 453 1
1237 1220 1
379 225 1
949 995 1
1560 1506 1
1653 1778 1
1996 1862 1
120 28 1
1869 1802 1
190 82 1
218 353 1
337 397 1
964 876 1
898 975 1
117 198 1
1952 1948 1
1314 1332 1
978 940 1
487 556 1
1177 1061 1
227 282 1
1598 1439 1
821 922 1
1810 1909 1
1684 1717 1
933 920 1
1535 1479 1
758 727 1
760 608 1
