1915 1533 -1
1857 1844 1
490 607 -1
1587 346 -1
349 192 -1
1892 1663 -1
1637 1825 -1
179 1617 -1
154 1399 -1
1972 846 -1
1149 106 -1
214 1270 -1
1273 402 -1
1634 1851 -1
775 164 -1
799 657 1
367 835 -1
586 646 -1
1533 533 -1
901 851 1
170 1258 -1
1819 1072 -1
375 246 1
488 154 -1
951 191 -1
1160 1001 1
79 1067 -1
988 1536 -1
415 282 -1
1127 6 -1
988 1529 -1
783 623 1
688 1859 -1
461 1530 -1
78 1796 -1
667 303 -1
706 809 -1
1738 1228 -1
1144 1987 -1
1572 1573 1
1006 1452 -1
357 671 -1
60 1744 -1
1697 1376 -1
1993 1080 -1
1218 1219 1
1721 892 -1
902 1549 -1
1848 1728 -1
582 1949 -1
172 1509 -1
543 1235 -1
1743 813 -1
103 83 1
514 83 -1
1330 739 -1
1023 581 -1
471 1668 -1
10 790 -1
1829 404 -1
1237 1654 -1
892 43 -1
245 153 -1
1735 1673 1
381 1477 -1
1974 708 -1
1450 936 -1
1324 27 -1
1376 1923 -1
1421 1180 -1
906 872 1
1131 1137 1
385 944 -1
1602 1318 -1
607 1250 -1
1973 571 -1
1483 1088 -1
198 1673 -1
1006 1922 -1
454 954 -1
931 1998 -1
1518 1726 -1
39 1300 -1
1720 1579 -1
696 1466 -1
1960 1821 1
630 1004 -1
184 1653 -1
1694 850 -1
213 1118 -1
1724 488 -1
1072 1323 -1
1737 1243 -1
755 831 -1
599 1296 -1
1699 464 -1
1002 1943 -1
128 1193 -1
1097 446 -1
732 59 -1
1185 337 -1
600 1880 -1
607 1438 -1
1373 15 -1
1124 443 -1
419 1532 -1
367 455 -1
1837 1406 -1
348 628 -1
1287 1006 -1
1102 557 -1
1803 1012 -1
1696 1179 -1
165 776 -1
1548 1811 -1
1399 109 -1
851 1565 -1
170 706 -1
918 501 -1
998 1120 -1
16 1338 -1
247 1802 -1
656 1248 -1
893 969 1
1918 358 -1
28 1392 -1
975 516 -1
830 1528 -1
660 121 -1
998 1335 -1
1086 1126 1
733 1054 -1
1087 1831 -1
1125 870 -1
1542 304 -1
1565 1751 -1
277 1875 -1
1050 1283 -1
176 1070 -1
684 181 -1
645 1656 -1
157 313 -1
1039 277 -1
1308 714 -1
1949 132 -1
508 247 -1
1214 1168 -1
1606 1937 -1
1947 71 -1
78 982 -1
1950 1816 1
516 1160 -1
1764 819 -1
1132 1142 1
1761 338 -1
1312 911 -1
22 856 -1
1293 1759 -1
1470 1774 -1
1776 303 -1
209 292 1
1849 377 -1
1476 197 -1
1036 693 -1
562 205 -1
1793 1948 -1
645 1279 -1
559 845 -1
1750 452 -1
99 1173 -1
561 222 -1
947 1881 -1
1542 246 -1
1978 135 -1
1435 163 -1
689 1686 -1
1931 1174 -1
998 1499 -1
1850 288 -1
1081 1320 -1
1809 381 -1
566 1648 -1
1377 1094 -1
215 1613 -1
1980 91 -1
84 1584 -1
1818 863 -1
1304 435 -1
1949 1760 -1
1178 586 -1
352 1558 -1
1516 1112 -1
408 1625 -1
1529 1488 1
598 1065 -1
1830 638 -1
1437 962 -1
1044 1528 -1
1372 1127 -1
1445 1052 -1
690 1618 -1
1091 1952 -1
1808 498 -1
257 104 -1
120 1368 -1
688 1001 -1
801 143 -1
108 1219 -1
458 1918 -1
1769 673 -1
803 1466 -1
521 1585 -1
191 197 1
1438 686 -1
779 526 -1
402 1672 -1
84 317 -1
325 809 -1
1888 1585 -1
1149 662 -1
565 563 1
1767 1713 1
1192 1110 1
80 193 1
1337 1314 1
1393 1382 1
1037 1086 1
1030 1041 1
879 921 1
1856 1811 1
1051 1172 1
30 106 1
461 420 1
1786 1735 1
1852 1882 1
277 368 1
1505 1423 1
104 96 1
359 222 1
1645 1670 1
1272 1202 1
8 179 1
751 698 1
1653 1713 1
938 925 1
1653 1696 1
912 943 1
865 950 1
32 24 1
1741 1729 1
157 66 1
1204 1311 1
1353 1375 1
877 803 1
946 831 1
1798 1715 1
1222 1365 1
900 917 1
1761 1788 1
650 610 1
1177 1015 1
1087 1077 1
893 996 1
1096 1173 1
230 338 1
1483 1488 1
1666 1629 1
1911 1903 1
1714 1639 1
1028 1067 1
923 903 1
835 934 1
755 720 1
299 332 1
1592 1419 1
1530 1452 1
815 806 1
1835 1812 1
1699 1626 1
1020 1050 1
1116 1112 1
910 956 1
1603 1747 1
1208 1379 1
1539 1402 1
1029 1166 1
1813 1861 1
56 98 1
172 44 1
713 697 1
10 95 1
694 770 1
1719 1767 1
1790 1752 1
364 298 1
1295 1328 1
1214 1315 1
1880 1960 1
954 969 1
1958 1825 1
1699 1630 1
1456 1463 1
1667 1737 1
1428 1414 1
1316 1387 1
341 254 1
192 133 1
291 340 1
1478 1458 1
305 356 1
1898 1933 1
1528 1545 1
817 938 1
926 893 1
1301 1213 1
1446 1547 1
167 125 1
715 668 1
320 326 1
91 110 1
1752 1724 1
900 927 1
440 411 1
1129 1060 1
967 859 1
230 354 1
1413 1572 1
1702 1672 1
1486 1484 1
361 319 1
247 212 1
448 440 1
1794 1655 1
126 105 1
1957 1866 1
1887 1902 1
714 608 1
820 827 1
1237 1239 1
1945 1995 1
272 270 1
1033 1105 1
1552 1538 1
914 861 1
1220 1347 1
142 37 1
1167 1108 1
238 320 1
1019 1172 1
1584 1448 1
1421 1436 1
1533 1535 1
991 861 1
190 196 1
1688 1791 1
204 285 1
425 442 1
1760 1739 1
244 201 1
1846 1829 1
51 121 1
1614 1793 1
880 878 1
123 113 1
1231 1299 1
851 860 1
1958 1915 1
790 636 1
28 147 1
398 248 1
351 233 1
834 852 1
1501 1574 1
534 441 1
1744 1615 1
952 838 1
1051 1048 1
794 630 1
743 723 1
1766 1791 1
920 942 1
1913 1883 1
1900 1804 1
195 119 1
119 51 1
1854 1826 1
1918 1889 1
1616 1706 1
1622 1715 1
371 269 1
1873 1866 1
270 260 1
206 340 1
1147 1005 1
1154 1147 1
272 291 1
12 143 1
648 611 1
1873 1955 1
521 438 1
