1828 1640 -1
797 1388 -1
1638 637 -1
1120 1109 1
1217 88 -1
989 299 -1
1845 409 -1
140 292 -1
1875 1934 1
649 771 1
1090 1101 1
420 1364 -1
1146 70 -1
1355 160 -1
1360 112 -1
243 1418 -1
1756 259 -1
1503 984 -1
708 1899 -1
1292 1275 1
1509 336 -1
328 1991 -1
1341 111 -1
619 330 -1
1063 1133 1
1266 349 -1
1556 1323 -1
790 1932 -1
184 1798 -1
1904 743 -1
1580 284 -1
141 1714 -1
1764 747 -1
1254 893 -1
720 771 1
947 1316 -1
742 1765 -1
1981 1166 -1
708 1471 -1
1793 806 -1
1194 1127 1
1249 1314 1
1341 384 -1
355 401 -1
1291 559 -1
1707 1302 -1
1932 1574 -1
462 814 -1
915 1195 -1
878 1731 -1
1562 1051 -1
1827 1947 1
1304 1709 -1
1630 1496 -1
470 1221 -1
942 694 -1
1937 1794 -1
1194 1151 1
1351 122 -1
28 1000 -1
1658 336 -1
1956 1806 1
1538 1523 1
223 366 1
1940 1861 1
396 346 1
838 962 1
574 507 1
1799 1632 1
536 484 1
1449 1510 1
1517 1476 1
1795 1723 1
1371 1251 1
888 867 1
29 133 1
1556 1424 1
1295 1392 1
1556 1525 1
1511 1475 1
161 126 1
374 248 1
1732 1677 1
503 492 1
1844 1921 1
1259 1394 1
1074 1163 1
1662 1704 1
1910 1820 1
117 29 1
1276 1245 1
1053 1006 1
1531 1451 1
721 705 1
1344 1358 1
1003 1029 1
1052 1042 1
358 367 1
652 717 1
997 930 1
