37 122 -1
41 117 -1
19 77 -1
164 66 -1
23 137 -1
148 111 -1
124 163 -1
121 4 -1
106 24 -1
6 87 -1
10 71 -1
73 36 -1
108 138 -1
73 6 -1
66 152 -1
145 107 -1
51 132 -1
17 74 -1
113 165 -1
29 59 -1
172 86 -1
100 10 -1
143 22 -1
84 1 -1
152 66 -1
74 9 -1
163 128 -1
75 160 -1
117 26 -1
33 93 -1
43 130 -1
51 159 -1
110 47 -1
176 40 -1
169 100 -1
173 110 -1
138 38 -1
161 104 -1
57 82 -1
114 54 -1
33 60 -1
102 160 -1
0 79 -1
115 177 -1
82 0 -1
16 132 -1
176 55 -1
171 38 -1
97 143 -1
55 125 -1
19 89 -1
15 171 -1
139 11 -1
140 37 -1
15 162 -1
117 152 -1
53 152 -1
158 39 -1
12 82 -1
8 170 -1
121 53 -1
108 27 -1
22 149 -1
138 59 -1
29 131 -1
21 116 -1
80 55 -1
100 19 -1
52 154 -1
80 26 -1
156 38 -1
5 157 -1
71 165 -1
64 137 -1
139 4 -1
165 5 -1
154 125 -1
64 5 -1
101 39 -1
10 144 -1
139 29 -1
18 137 -1
110 142 -1
74 20 -1
74 170 -1
43 89 -1
175 52 -1
94 173 -1
22 159 -1
22 123 -1
88 6 -1
98 167 -1
150 118 -1
127 28 -1
86 21 -1
177 73 -1
96 20 -1
169 2 -1
148 67 -1
60 2 -1
120 176 -1
175 19 -1
109 130 -1
115 10 -1
52 104 -1
4 170 -1
75 42 -1
6 152 -1
42 79 -1
70 54 -1
75 161 -1
136 78 -1
125 135 -1
97 136 -1
117 42 -1
48 91 -1
157 59 -1
143 106 -1
85 157 -1
25 168 -1
86 132 -1
82 170 -1
46 176 -1
46 144 -1
3 66 -1
129 162 -1
163 62 -1
120 169 -1
38 128 -1
72 25 -1
56 157 -1
27 104 -1
17 71 -1
157 29 -1
157 112 -1
111 149 -1
2 131 -1
39 168 -1
157 66 -1
56 130 -1
72 36 -1
15 163 -1
28 70 -1
114 14 -1
101 141 -1
16 98 -1
170 17 -1
54 126 -1
166 78 -1
101 49 -1
69 147 -1
32 91 -1
47 76 -1
97 12 -1
41 143 -1
21 167 -1
106 163 -1
68 14 -1
136 94 -1
96 146 -1
149 128 -1
2 62 -1
20 68 -1
138 117 -1
26 173 -1
159 81 -1
44 146 -1
102 55 -1
96 162 -1
165 38 -1
82 150 -1
129 169 -1
58 143 -1
127 57 -1
81 26 -1
52 136 -1
59 177 -1
144 114 -1
2 69 -1
2 148 -1
16 66 -1
22 126 -1
104 39 -1
77 42 -1
66 177 -1
124 133 -1
47 173 -1
119 157 -1
54 59 -1
98 47 -1
56 77 -1
117 58 -1
69 155 -1
137 4 -1
84 5 -1
43 109 -1
27 87 -1
74 36 -1
104 15 -1
37 96 -1
135 78 -1
144 35 -1
177 105 -1
93 53 -1
48 81 -1
79 132 -1
28 144 -1
138 71 -1
150 30 -1
25 134 -1
96 134 -1
142 62 -1
74 162 -1
62 157 -1
162 94 -1
75 169 -1
123 18 -1
92 58 -1
82 140 -1
53 134 -1
9 75 -1
24 143 -1
15 128 -1
47 171 -1
114 132 -1
68 130 -1
59 142 -1
175 19 -1
79 11 -1
165 98 -1
103 167 -1
162 13 -1
151 59 -1
147 40 -1
165 80 -1
172 55 -1
160 29 -1
63 171 -1
82 15 -1
19 93 -1
177 84 -1
84 4 -1
62 175 -1
77 37 -1
64 167 -1
53 141 -1
171 7 -1
15 78 -1
106 8 -1
160 47 -1
