37 122 -1
41 117 -1
19 77 -1
164 66 -1
23 137 -1
148 111 -1
124 163 -1
121 4 -1
106 24 -1
6 87 -1
10 71 -1
73 36 -1
108 138 -1
73 6 -1
66 152 -1
145 107 -1
51 132 -1
17 74 -1
113 165 -1
29 59 -1
172 86 -1
100 10 -1
143 22 -1
84 1 -1
152 66 -1
74 9 -1
163 128 -1
75 160 -1
117 26 -1
33 93 -1
43 130 -1
51 159 -1
110 47 -1
176 40 -1
169 100 -1
173 110 -1
138 38 -1
161 104 -1
57 82 -1
114 54 -1
33 60 -1
102 160 -1
0 79 -1
115 177 -1
82 0 -1
16 132 -1
176 55 -1
171 38 -1
97 143 -1
55 125 -1
19 89 -1
15 171 -1
139 11 -1
140 37 -1
15 162 -1
117 152 -1
53 152 -1
158 39 -1
12 82 -1
8 170 -1
121 53 -1
108 27 -1
22 149 -1
138 59 -1
29 131 -1
21 116 -1
80 55 -1
100 19 -1
52 154 -1
80 26 -1
156 38 -1
5 157 -1
71 165 -1
64 137 -1
139 4 -1
165 5 -1
154 125 -1
64 5 -1
101 39 -1
10 144 -1
139 29 -1
18 137 -1
110 142 -1
74 20 -1
74 170 -1
43 89 -1
175 52 -1
94 173 -1
22 159 -1
22 123 -1
88 6 -1
98 167 -1
150 118 -1
127 28 -1
86 21 -1
177 73 -1
96 20 -1
169 2 -1
148 67 -1
60 2 -1
120 176 -1
175 19 -1
109 130 -1
115 10 -1
52 104 -1
4 170 -1
75 42 -1
6 152 -1
42 79 -1
70 54 -1
75 161 -1
136 78 -1
125 135 -1
97 136 -1
117 42 -1
48 91 -1
157 59 -1
143 106 -1
85 157 -1
25 168 -1
86 132 -1
82 170 -1
46 176 -1
46 144 -1
3 66 -1
129 162 -1
163 62 -1
120 169 -1
38 128 -1
72 25 -1
56 157 -1
27 104 -1
17 71 -1
157 29 -1
157 112 -1
111 149 -1
2 131 -1
39 168 -1
157 66 -1
56 130 -1
72 36 -1
15 163 -1
28 70 -1
114 14 -1
101 141 -1
16 98 -1
170 17 -1
54 126 -1
166 78 -1
101 49 -1
