37 41 1
117 77 1
164 137 1
148 163 1
121 106 1
84 87 1
10 36 1
108 73 1
125 121 1
89 66 1
152 145 1
107 74 1
113 59 1
172 173 1
86 100 1
101 110 1
129 84 1
1 9 1
163 160 1
117 93 1
43 51 1
52 47 1
176 169 1
100 110 1
138 164 1
38 57 1
82 114 1
64 60 1
102 109 1
125 76 1
160 177 1
82 97 1
60 125 1
19 15 1
57 11 1
140 162 1
117 82 1
8 53 1
108 59 1
29 21 1
40 55 1
100 80 1
26 38 1
5 4 1
165 154 1
125 64 1
5 39 1
10 29 1
18 20 1
74 84 1
106 89 1
175 173 1
22 6 1
98 77 1
167 150 1
118 127 1
104 86 1
21 20 1
169 148 1
161 176 1
175 142 1
157 130 1
115 104 1
4 42 1
6 42 1
79 70 1
84 92 1
94 75 1
161 136 1
78 125 1
135 136 1
117 91 1
157 143 1
106 85 1
157 168 1
86 82 1
170 176 1
46 3 1
27 38 1
128 72 1
25 56 1
157 149 1
2 39 1
168 157 1
66 72 1
64 70 1
114 100 1
96 101 1
123 118 1
141 170 1
17 54 1
126 78 1
101 69 1
80 116 1
147 143 1
21 14 1
136 155 1
94 96 1
146 149 1
128 62 1
20 68 -1
138 117 -1
26 173 -1
159 81 -1
44 146 -1
102 55 -1
96 162 -1
165 38 -1
82 150 -1
129 169 -1
58 143 -1
127 57 -1
81 26 -1
52 136 -1
59 177 -1
144 114 -1
2 69 -1
2 148 -1
16 66 -1
22 126 -1
104 39 -1
77 42 -1
66 177 -1
124 133 -1
47 173 -1
119 157 -1
54 59 -1
98 47 -1
56 77 -1
117 58 -1
69 155 -1
137 4 -1
84 5 -1
43 109 -1
27 87 -1
74 36 -1
104 15 -1
37 96 -1
135 78 -1
144 35 -1
177 105 -1
93 53 -1
48 81 -1
79 132 -1
28 144 -1
138 71 -1
150 30 -1
25 134 -1
96 134 -1
142 62 -1
74 162 -1
62 157 -1
162 94 -1
75 169 -1
123 18 -1
92 58 -1
82 140 -1
53 134 -1
9 75 -1
24 143 -1
15 128 -1
47 171 -1
114 132 -1
68 130 -1
59 142 -1
175 19 -1
79 11 -1
165 98 -1
103 167 -1
162 13 -1
151 59 -1
147 40 -1
165 80 -1
172 55 -1
160 29 -1
63 171 -1
82 15 -1
19 93 -1
177 84 -1
84 4 -1
62 175 -1
77 37 -1
64 167 -1
53 141 -1
171 7 -1
15 78 -1
106 8 -1
160 47 -1
103 18 -1
140 117 -1
77 166 -1
142 14 -1
10 70 -1
99 14 -1
154 20 -1
33 107 -1
70 140 -1
96 153 -1
140 11 -1
81 171 -1
