37 41 1
117 77 1
164 137 1
148 163 1
121 106 1
84 87 1
10 36 1
108 73 1
125 121 1
89 66 1
152 145 1
107 74 1
113 59 1
172 173 1
86 100 1
101 110 1
129 84 1
1 9 1
163 160 1
117 93 1
43 51 1
52 47 1
176 169 1
100 110 1
138 164 1
38 57 1
82 114 1
64 60 1
102 109 1
125 76 1
160 177 1
82 97 1
60 125 1
19 15 1
57 11 1
140 162 1
117 82 1
8 53 1
108 59 1
29 21 1
40 55 1
100 80 1
26 38 1
5 4 1
165 154 1
125 64 1
5 39 1
10 29 1
18 20 1
74 84 1
106 89 1
175 173 1
22 6 1
98 77 1
167 150 1
118 127 1
104 86 1
21 20 1
169 148 1
161 176 1
175 142 1
157 130 1
115 104 1
4 42 1
6 42 1
79 70 1
84 92 1
94 75 1
161 136 1
78 125 1
135 136 1
117 91 1
157 143 1
106 85 1
157 168 1
86 82 1
170 176 1
46 3 1
27 38 1
128 72 1
25 56 1
157 149 1
2 39 1
168 157 1
66 72 1
64 70 1
114 100 1
96 101 1
123 118 1
141 170 1
17 54 1
126 78 1
101 69 1
80 116 1
147 143 1
21 14 1
136 155 1
94 96 1
146 149 1
128 62 1
20 26 1
173 159 1
81 102 1
55 38 1
82 129 1
169 143 1
127 81 1
67 59 1
118 119 1
177 144 1
114 69 1
2 16 1
57 22 1
44 39 1
77 95 1
119 66 1
177 133 1
47 20 1
173 157 1
54 47 1
56 58 1
69 84 1
103 65 1
5 43 1
6 48 1
109 87 1
74 104 1
15 37 1
2 35 1
177 132 1
28 30 1
25 0 1
46 18 1
92 100 1
69 82 1
140 134 1
9 24 1
143 171 1
114 68 1
80 116 1
130 142 1
175 165 1
98 103 1
109 59 1
147 161 1
134 171 1
148 171 1
143 165 1
80 63 1
77 82 1
118 15 -1
19 93 -1
177 84 -1
84 4 -1
62 175 -1
77 37 -1
64 167 -1
53 141 -1
171 7 -1
15 78 -1
106 8 -1
160 47 -1
103 18 -1
140 117 -1
77 166 -1
142 14 -1
10 70 -1
99 14 -1
154 20 -1
33 107 -1
70 140 -1
96 153 -1
140 11 -1
81 171 -1
16 128 -1
118 169 -1
81 53 -1
68 39 -1
104 131 -1
25 138 -1
129 46 -1
171 26 -1
175 86 -1
166 94 -1
53 114 -1
49 98 -1
61 32 -1
35 73 -1
113 163 -1
26 149 -1
90 150 -1
102 137 -1
110 27 -1
125 25 -1
33 112 -1
119 168 -1
137 73 -1
91 172 -1
174 114 -1
29 91 -1
71 139 -1
99 33 -1
91 56 -1
170 45 -1
131 20 -1
171 55 -1
45 167 -1
8 157 -1
59 20 -1
117 30 -1
153 110 -1
48 111 -1
140 26 -1
123 146 -1
56 116 -1
81 149 -1
88 150 -1
164 17 -1
34 154 -1
25 68 -1
153 128 -1
162 27 -1
126 46 -1
165 76 -1
102 1 -1
58 150 -1
168 28 -1
136 67 -1
15 131 -1
115 29 -1
32 161 -1
11 109 -1
127 12 -1
50 120 -1
96 42 -1
40 167 -1
42 122 -1
45 113 -1
95 17 -1
90 162 -1
32 66 -1
121 137 -1
162 56 -1
87 136 -1
69 159 -1
169 11 -1
77 34 -1
52 141 -1
45 116 -1
85 174 -1
20 111 -1
36 67 -1
177 119 -1
106 45 -1
87 174 -1
46 170 -1
155 59 -1
26 76 -1
115 39 -1
161 60 -1
125 56 -1
167 70 -1
100 5 -1
159 121 -1
6 154 -1
63 134 -1
79 130 -1
44 79 -1
68 40 -1
139 116 -1
138 98 -1
38 103 -1
98 147 -1
21 154 -1
136 12 -1
68 17 -1
50 131 -1
2 127 -1
83 46 -1
139 108 -1
40 170 -1
23 165 -1
131 47 -1
153 69 -1
167 122 -1
112 143 -1
102 56 -1
27 163 -1
128 31 -1
176 27 -1
33 125 -1
133 79 -1
108 31 -1
171 24 -1
16 172 -1
155 4 -1
63 130 -1
74 52 -1
96 30 -1
17 155 -1
