37 41 1
117 77 1
164 137 1
148 163 1
121 106 1
84 87 1
10 36 1
108 73 1
125 121 1
89 66 1
152 145 1
107 74 1
113 59 1
172 173 1
86 100 1
101 110 1
129 84 1
1 9 1
163 160 1
117 93 1
43 51 1
52 47 1
176 169 1
100 110 1
138 164 1
38 57 1
82 114 1
64 60 1
102 109 1
125 76 1
160 177 1
82 97 1
60 125 1
19 15 1
57 11 1
140 162 1
117 82 1
8 53 1
108 59 1
29 21 1
40 55 1
100 80 1
26 38 1
5 4 1
165 154 1
125 64 1
5 39 1
10 29 1
18 20 1
74 84 1
106 89 1
175 173 1
22 6 1
98 77 1
167 150 1
118 127 1
104 86 1
21 20 1
169 148 1
161 176 1
175 142 1
157 130 1
115 104 1
4 42 1
6 42 1
79 70 1
84 92 1
94 75 1
161 136 1
78 125 1
135 136 1
117 91 1
157 143 1
106 85 1
157 168 1
86 82 1
170 176 1
46 3 1
27 38 1
128 72 1
25 56 1
157 149 1
2 39 1
168 157 1
66 72 1
64 70 1
114 100 1
96 101 1
123 118 1
141 170 1
17 54 1
126 78 1
101 69 1
80 116 1
147 143 1
21 14 1
136 155 1
94 96 1
146 149 1
128 62 1
20 26 1
173 159 1
81 102 1
55 38 1
82 129 1
169 143 1
127 81 1
67 59 1
118 119 1
177 144 1
114 69 1
2 16 1
57 22 1
44 39 1
77 95 1
119 66 1
177 133 1
47 20 1
173 157 1
54 47 1
56 58 1
69 84 1
103 65 1
5 43 1
6 48 1
109 87 1
74 104 1
15 37 1
2 35 1
177 132 1
28 30 1
25 0 1
46 18 1
92 100 1
69 82 1
140 134 1
9 24 1
143 171 1
114 68 1
80 116 1
130 142 1
175 165 1
98 103 1
109 59 1
147 161 1
134 171 1
148 171 1
143 165 1
80 63 1
77 82 1
118 73 1
93 127 1
15 19 1
58 26 1
25 4 1
62 99 1
175 167 1
53 7 1
15 8 1
160 140 1
117 77 1
166 142 1
14 10 1
70 99 1
14 20 1
33 53 1
107 70 1
140 153 1
140 171 1
16 53 1
68 91 1
39 25 1
138 171 1
26 53 1
114 98 1
61 110 1
91 77 1
82 73 1
113 88 1
163 149 1
90 102 1
137 168 1
137 168 1
73 91 1
82 114 1
29 33 1
91 59 1
20 30 1
153 140 1
162 146 1
56 17 1
34 25 1
14 57 1
68 128 1
162 165 1
76 102 1
125 67 1
15 29 1
32 5 1
4 11 1
