37 41 1
117 77 1
164 137 1
148 163 1
121 106 1
84 87 1
10 36 1
108 73 1
125 121 1
89 66 1
152 145 1
107 74 1
113 59 1
172 173 1
86 100 1
101 110 1
129 84 1
1 9 1
163 160 1
117 93 1
43 51 1
52 47 1
176 169 1
100 110 1
138 164 1
38 57 1
82 114 1
64 60 1
102 109 1
125 76 1
160 177 1
82 97 1
60 125 1
19 15 1
57 11 1
140 162 1
117 82 1
8 53 1
108 59 1
29 21 1
40 55 1
100 80 1
26 38 1
5 4 1
165 154 1
125 64 1
5 39 1
10 29 1
18 20 1
74 84 1
106 170 -1
43 89 -1
175 52 -1
94 173 -1
22 159 -1
22 123 -1
88 6 -1
98 167 -1
150 118 -1
127 28 -1
86 21 -1
177 73 -1
96 20 -1
169 2 -1
148 67 -1
60 2 -1
120 176 -1
175 19 -1
109 130 -1
115 10 -1
52 104 -1
4 170 -1
75 42 -1
6 152 -1
42 79 -1
70 54 -1
75 161 -1
136 78 -1
125 135 -1
97 136 -1
117 42 -1
48 91 -1
157 59 -1
143 106 -1
85 157 -1
25 168 -1
86 132 -1
82 170 -1
46 176 -1
46 144 -1
3 66 -1
129 162 -1
163 62 -1
120 169 -1
38 128 -1
72 25 -1
56 157 -1
27 104 -1
17 71 -1
157 29 -1
