37 41 1
117 77 1
164 137 1
148 163 1
121 106 1
84 87 1
10 36 1
108 73 1
125 121 1
89 66 1
152 145 1
107 74 1
113 59 1
172 173 1
86 100 1
101 110 1
129 84 1
1 9 1
163 160 1
117 93 1
43 51 1
52 47 1
176 169 1
100 110 1
138 164 1
38 57 1
82 114 1
64 60 1
102 109 1
125 76 1
160 177 1
82 97 1
60 125 1
19 15 1
57 11 1
140 162 1
117 82 1
8 53 1
108 59 1
29 21 1
40 55 1
100 80 1
26 38 1
5 4 1
165 154 1
125 64 1
5 39 1
10 29 1
18 20 1
74 84 1
106 89 1
175 173 1
22 6 1
98 77 1
167 150 1
118 127 1
104 86 1
21 20 1
169 148 1
161 176 1
175 142 1
157 130 1
115 104 1
4 42 1
6 42 1
79 70 1
84 92 1
94 75 1
161 136 1
78 125 1
135 136 1
117 91 1
157 143 1
106 85 1
157 168 1
86 132 -1
82 170 -1
46 176 -1
46 144 -1
3 66 -1
129 162 -1
163 62 -1
120 169 -1
38 128 -1
72 25 -1
56 157 -1
27 104 -1
17 71 -1
157 29 -1
157 112 -1
111 149 -1
2 131 -1
39 168 -1
157 66 -1
56 130 -1
72 36 -1
15 163 -1
28 70 -1
114 14 -1
101 141 -1
16 98 -1
170 17 -1
54 126 -1
166 78 -1
101 49 -1
69 147 -1
32 91 -1
47 76 -1
97 12 -1
41 143 -1
21 167 -1
106 163 -1
68 14 -1
136 94 -1
96 146 -1
149 128 -1
2 62 -1
20 68 -1
138 117 -1
26 173 -1
159 81 -1
44 146 -1
102 55 -1
96 162 -1
165 38 -1
82 150 -1
129 169 -1
58 143 -1
127 57 -1
81 26 -1
52 136 -1
59 177 -1
144 114 -1
2 69 -1
2 148 -1
16 66 -1
22 126 -1
104 39 -1
77 42 -1
66 177 -1
124 133 -1
47 173 -1
119 157 -1
54 59 -1
98 47 -1
56 77 -1
117 58 -1
69 155 -1
137 4 -1
84 5 -1
