148 63 -1
16 89 -1
5 150 -1
150 103 -1
99 176 -1
113 139 -1
123 134 -1
73 7 -1
34 74 -1
125 5 -1
105 2 -1
62 16 -1
107 164 -1
170 75 -1
20 134 -1
69 165 -1
59 13 -1
7 152 -1
130 89 -1
100 6 -1
129 47 -1
90 152 -1
1 103 -1
58 166 -1
122 36 -1
54 84 -1
41 152 -1
145 2 -1
119 166 -1
21 176 -1
163 44 -1
123 43 -1
83 155 -1
69 46 -1
57 75 -1
135 23 -1
111 34 -1
48 160 -1
118 27 -1
154 85 -1
17 143 -1
88 158 -1
75 7 -1
168 118 -1
27 153 -1
163 41 -1
90 150 -1
110 43 -1
18 118 -1
154 57 -1
73 32 -1
106 150 -1
39 104 -1
148 114 -1
57 123 -1
11 86 -1
136 129 -1
114 133 -1
136 108 -1
174 49 -1
80 163 -1
54 119 -1
42 127 -1
151 26 -1
123 54 -1
152 115 -1
23 140 -1
51 102 -1
107 10 -1
65 58 -1
146 21 -1
38 77 -1
39 109 -1
1 122 -1
175 99 -1
63 58 -1
54 118 -1
25 130 -1
93 141 -1
153 55 -1
14 99 -1
162 121 -1
132 72 -1
1 100 -1
93 39 -1
21 154 -1
149 23 -1
167 16 -1
167 8 -1
138 75 -1
70 52 -1
133 99 -1
86 144 -1
97 163 -1
158 18 -1
169 123 -1
150 63 -1
124 0 -1
8 116 -1
155 1 -1
161 17 -1
173 70 -1
67 52 -1
47 157 -1
153 98 -1
160 117 -1
151 120 -1
111 50 -1
81 11 -1
80 172 -1
68 137 -1
167 65 -1
159 81 -1
154 33 -1
129 34 -1
100 1 -1
35 97 -1
174 79 -1
15 95 -1
52 157 -1
28 133 -1
68 9 -1
90 139 -1
107 30 -1
89 21 -1
115 150 -1
171 47 -1
152 28 -1
144 45 -1
29 79 -1
119 8 -1
130 97 -1
99 53 -1
156 108 -1
165 117 -1
60 169 -1
149 55 -1
130 41 -1
77 166 -1
71 57 -1
67 23 -1
81 132 -1
41 141 -1
15 150 -1
84 150 -1
14 112 -1
74 170 -1
103 48 -1
78 130 -1
147 11 -1
118 175 -1
152 49 -1
42 154 -1
32 173 -1
66 24 -1
101 156 -1
175 115 -1
33 131 -1
34 78 -1
123 156 -1
76 168 -1
16 171 -1
106 36 -1
145 100 -1
45 165 -1
77 149 -1
175 17 -1
128 172 -1
132 5 -1
125 10 -1
75 26 -1
134 15 -1
26 102 -1
38 92 -1
96 144 -1
128 143 -1
73 130 -1
153 29 -1
36 123 -1
145 29 -1
120 162 -1
1 137 -1
139 29 -1
106 149 -1
104 154 -1
127 25 -1
3 66 -1
63 162 -1
52 68 -1
92 39 -1
163 44 -1
14 157 -1
96 48 -1
125 31 -1
154 20 -1
24 81 -1
19 152 -1
45 177 -1
111 25 -1
30 65 -1
37 98 -1
79 39 -1
16 174 -1
7 102 -1
98 150 -1
67 10 -1
3 147 -1
72 45 -1
14 138 -1
45 147 -1
111 6 -1
87 137 -1
58 141 -1
46 118 -1
62 147 -1
157 78 -1
143 2 -1
85 174 -1
153 21 -1
19 71 -1
10 106 -1
116 46 -1
66 5 -1
15 125 -1
159 114 -1
88 27 -1
54 150 -1
174 33 -1
51 162 -1
42 75 -1
69 169 -1
94 44 -1
128 163 -1
30 117 -1
113 169 -1
163 2 -1
174 1 -1
24 126 -1
27 167 -1
36 76 -1
43 94 -1
99 141 -1
1 148 -1
132 95 -1
36 104 -1
55 122 -1
111 47 -1
98 169 -1
40 144 -1
158 98 -1
