148 150 1
150 145 1
103 99 1
176 139 1
123 73 1
125 73 1
7 34 1
44 5 1
105 67 1
2 16 1
107 123 1
164 170 1
140 134 1
69 59 1
13 7 1
16 6 1
129 120 1
73 90 1
78 103 1
58 17 1
32 4 1
25 47 1
166 152 1
145 166 1
21 44 1
123 83 1
155 135 1
23 34 1
48 27 1
154 143 1
88 75 1
7 27 1
153 163 1
150 154 1
57 32 1
106 77 1
150 148 1
147 143 1
114 123 1
11 49 1
80 129 1
114 121 1
163 151 1
170 152 1
115 102 1
107 84 1
10 58 1
146 175 1
99 63 1
62 70 1
58 54 1
118 93 1
141 153 1
55 14 1
99 121 1
132 154 1
149 167 1
16 8 1
138 133 1
147 171 1
159 144 1
97 123 1
150 155 1
1 17 1
173 174 1
177 157 1
153 172 1
98 117 1
151 172 1
68 65 1
159 154 1
33 34 1
100 97 1
174 134 1
79 95 1
52 28 1
133 139 1
107 106 1
30 21 1
115 103 1
150 171 1
47 28 1
144 170 1
162 130 1
97 99 1
53 55 1
130 166 1
71 82 1
57 23 1
81 117 1
90 84 1
68 112 1
74 103 1
67 78 1
130 147 1
11 49 1
42 55 1
10 32 1
51 30 1
173 156 1
175 131 1
34 48 1
78 123 1
96 76 1
87 106 1
36 45 1
165 149 1
175 172 1
132 134 1
15 26 1
54 38 1
92 96 1
144 143 1
73 123 1
145 162 1
1 29 1
106 104 1
154 162 1
52 39 1
163 157 1
96 72 1
124 63 1
102 89 1
48 31 1
154 152 1
45 44 1
177 174 1
7 10 1
3 44 1
53 49 1
147 138 1
45 6 1
87 118 1
62 78 1
143 164 1
2 21 1
19 12 1
71 106 1
116 66 1
5 15 1
0 34 1
125 114 1
88 75 1
69 94 1
44 30 1
117 113 1
169 163 1
2 1 1
24 52 1
126 76 1
