148 150 1
150 145 1
103 99 1
176 139 1
123 73 1
125 73 1
7 34 1
44 5 1
105 67 1
2 16 1
107 123 1
164 170 1
140 134 1
69 59 1
13 7 1
16 6 1
129 120 1
73 90 1
78 103 1
58 17 1
32 4 1
25 47 1
166 152 1
145 166 1
21 44 1
123 83 1
155 135 1
23 34 1
48 27 1
154 143 1
88 75 1
7 27 1
153 163 1
150 154 1
57 32 1
106 77 1
150 148 1
147 143 1
114 123 1
11 49 1
80 129 1
114 121 1
163 151 1
170 152 1
115 102 1
107 84 1
10 58 1
146 175 1
99 63 1
62 70 1
58 118 -1
25 130 -1
93 141 -1
153 55 -1
14 99 -1
162 121 -1
132 72 -1
1 100 -1
93 39 -1
21 154 -1
149 23 -1
167 16 -1
167 8 -1
138 75 -1
70 52 -1
133 99 -1
86 144 -1
97 163 -1
158 18 -1
169 123 -1
150 63 -1
124 0 -1
8 116 -1
155 1 -1
161 17 -1
173 70 -1
67 52 -1
47 157 -1
153 98 -1
160 117 -1
151 120 -1
111 50 -1
81 11 -1
80 172 -1
68 137 -1
167 65 -1
159 81 -1
154 33 -1
129 34 -1
100 1 -1
35 97 -1
174 79 -1
15 95 -1
52 157 -1
28 133 -1
68 9 -1
90 139 -1
107 30 -1
89 21 -1
115 150 -1
