148 150 1
150 145 1
103 99 1
176 139 1
123 73 1
125 73 1
7 34 1
44 5 1
105 67 1
2 16 1
107 123 1
164 170 1
140 134 1
69 59 1
13 7 1
16 6 1
129 120 1
73 90 1
78 103 1
58 17 1
32 4 1
25 47 1
166 152 1
145 166 1
21 44 1
123 83 1
155 135 1
23 34 1
48 27 1
154 143 1
88 75 1
7 27 1
153 163 1
150 154 1
57 32 1
106 77 1
150 148 1
147 143 1
114 123 1
11 49 1
80 129 1
114 121 1
163 151 1
170 152 1
115 102 1
107 84 1
10 58 1
146 175 1
99 63 1
62 70 1
58 54 1
118 93 1
141 153 1
55 14 1
99 121 1
132 154 1
149 167 1
16 8 1
138 133 1
147 171 1
159 144 1
97 123 1
150 155 1
1 17 1
173 174 1
177 157 1
153 172 1
98 117 1
151 172 1
68 65 1
159 154 1
33 34 1
100 97 1
174 134 1
79 95 1
52 157 -1
28 133 -1
68 9 -1
90 139 -1
107 30 -1
89 21 -1
115 150 -1
171 47 -1
152 28 -1
144 45 -1
29 79 -1
119 8 -1
130 97 -1
99 53 -1
156 108 -1
165 117 -1
60 169 -1
149 55 -1
130 41 -1
77 166 -1
71 57 -1
67 23 -1
81 132 -1
41 141 -1
15 150 -1
84 150 -1
14 112 -1
74 170 -1
103 48 -1
78 130 -1
147 11 -1
118 175 -1
152 49 -1
42 154 -1
32 173 -1
66 24 -1
101 156 -1
175 115 -1
33 131 -1
34 78 -1
123 156 -1
76 168 -1
16 171 -1
106 36 -1
145 100 -1
45 165 -1
77 149 -1
175 17 -1
128 172 -1
132 5 -1
125 10 -1
75 26 -1
134 15 -1
26 102 -1
38 92 -1
96 144 -1
128 143 -1
73 130 -1
153 29 -1
36 123 -1
145 29 -1
120 162 -1
1 137 -1
139 29 -1
106 149 -1
104 154 -1
127 25 -1
3 66 -1
63 162 -1
52 68 -1
92 39 -1
163 44 -1
14 157 -1
96 48 -1
125 31 -1
