84 26 -1
114 14 -1
137 76 -1
14 172 -1
3 141 -1
104 41 -1
40 119 -1
115 10 -1
10 174 -1
115 175 -1
63 173 -1
48 142 -1
54 132 -1
80 8 -1
38 153 -1
35 152 -1
12 72 -1
26 75 -1
168 30 -1
144 80 -1
167 111 -1
90 177 -1
108 27 -1
18 66 -1
1 99 -1
43 81 -1
129 57 -1
164 78 -1
69 2 -1
150 117 -1
35 107 -1
172 9 -1
159 89 -1
170 94 -1
1 170 -1
46 61 -1
95 38 -1
142 45 -1
45 154 -1
145 114 -1
0 118 -1
53 166 -1
5 108 -1
1 150 -1
131 15 -1
40 101 -1
120 146 -1
7 110 -1
151 0 -1
18 168 -1
145 12 -1
85 52 -1
48 95 -1
79 177 -1
66 149 -1
41 147 -1
11 67 -1
173 31 -1
163 34 -1
96 137 -1
48 118 -1
0 60 -1
85 176 -1
72 15 -1
72 132 -1
151 64 -1
91 1 -1
59 57 -1
43 90 -1
132 46 -1
69 163 -1
31 127 -1
14 89 -1
67 14 -1
171 35 -1
66 12 -1
107 30 -1
166 103 -1
116 30 -1
24 81 -1
89 146 -1
118 15 -1
100 164 -1
84 18 -1
139 82 -1
57 76 -1
76 47 -1
142 110 -1
177 16 -1
98 133 -1
22 132 -1
157 103 -1
43 82 -1
71 6 -1
119 171 -1
170 48 -1
100 32 -1
9 71 -1
22 154 -1
101 42 -1
52 177 -1
111 38 -1
109 54 -1
51 73 -1
10 76 -1
114 29 -1
129 157 -1
122 173 -1
9 120 -1
96 172 -1
117 6 -1
54 70 -1
139 121 -1
17 162 -1
39 59 -1
148 74 -1
53 101 -1
170 23 -1
152 3 -1
119 138 -1
34 61 -1
78 39 -1
135 109 -1
96 136 -1
92 30 -1
131 17 -1
0 128 -1
12 74 -1
26 136 -1
88 49 -1
110 54 -1
74 36 -1
108 135 -1
137 37 -1
35 176 -1
17 167 -1
130 113 -1
97 49 -1
93 33 -1
163 123 -1
164 24 -1
145 114 -1
37 162 -1
17 130 -1
34 127 -1
28 130 -1
45 64 -1
61 2 -1
45 120 -1
37 66 -1
137 48 -1
18 95 -1
167 67 -1
10 74 -1
156 30 -1
98 167 -1
157 9 -1
151 7 -1
146 13 -1
75 43 -1
37 121 -1
163 96 -1
31 145 -1
144 49 -1
62 134 -1
138 94 -1
0 94 -1
31 154 -1
62 42 -1
156 71 -1
15 174 -1
54 142 -1
65 27 -1
177 70 -1
58 127 -1
77 154 -1
158 66 -1
121 29 -1
150 99 -1
167 89 -1
121 45 -1
5 174 -1
44 89 -1
38 160 -1
54 99 -1
5 123 -1
148 26 -1
108 57 -1
139 61 -1
38 89 -1
22 125 -1
101 146 -1
139 87 -1
12 126 -1
34 75 -1
113 33 -1
155 35 -1
112 138 -1
119 150 -1
10 145 -1
