84 93 1
110 62 1
73 114 1
14 3 1
141 174 1
115 63 1
173 142 1
54 8 1
38 35 1
152 168 1
137 139 1
30 27 1
18 15 1
44 1 1
99 81 1
129 81 1
57 2 1
150 172 1
9 1 1
170 142 1
144 167 1
45 0 1
118 108 1
1 15 1
40 25 1
25 7 1
2 0 1
18 12 1
85 95 1
79 99 1
114 109 1
177 149 1
41 11 1
67 96 1
137 176 1
72 120 1
132 151 1
64 91 1
105 63 1
1 57 1
43 29 1
90 69 1
163 171 1
175 166 1
103 116 1
79 81 1
89 81 1
146 164 1
84 85 1
18 57 1
12 47 1
142 177 1
16 22 1
132 157 1
103 82 1
71 119 1
171 170 1
48 32 1
9 22 1
7 42 1
52 38 1
109 110 1
54 51 1
56 31 1
73 76 1
114 91 1
82 78 1
106 96 1
126 129 1
157 173 1
9 6 1
54 17 1
162 148 1
153 173 1
74 101 1
170 152 1
143 138 1
34 39 1
135 132 1
109 96 1
85 75 1
136 131 1
17 0 1
128 74 1
26 49 1
110 74 1
73 108 1
135 137 1
37 35 1
176 167 1
130 163 1
123 114 1
37 41 1
162 130 1
34 28 1
130 137 1
48 18 1
95 67 1
10 22 1
74 98 1
123 75 1
43 37 1
121 96 1
31 49 1
62 94 1
0 34 1
94 62 1
42 15 1
174 142 1
65 70 1
58 29 1
150 167 1
89 121 1
45 5 1
174 160 1
54 18 1
58 5 1
123 108 1
62 85 1
57 38 1
50 26 1
89 125 1
101 111 1
91 87 1
12 50 1
126 34 -1
55 75 -1
113 33 -1
155 35 -1
112 138 -1
119 150 -1
10 145 -1
84 55 -1
115 7 -1
166 28 -1
175 115 -1
10 85 -1
66 163 -1
34 87 -1
137 38 -1
170 95 -1
105 151 -1
36 99 -1
161 26 -1
27 60 -1
163 34 -1
71 13 -1
54 150 -1
64 152 -1
163 11 -1
160 42 -1
66 1 -1
79 16 -1
70 47 -1
121 43 -1
105 48 -1
153 92 -1
109 138 -1
148 2 -1
151 24 -1
44 146 -1
110 131 -1
48 107 -1
138 59 -1
89 24 -1
147 2 -1
48 132 -1
64 141 -1
23 128 -1
115 29 -1
29 86 -1
22 82 -1
46 98 -1
50 157 -1
73 55 -1
23 80 -1
15 150 -1
64 153 -1
58 176 -1
87 149 -1
46 153 -1
97 5 -1
5 120 -1
58 109 -1
166 0 -1
159 73 -1
123 151 -1
147 94 -1
75 162 -1
138 47 -1
70 141 -1
134 36 -1
40 127 -1
104 15 -1
68 24 -1
20 95 -1
144 101 -1
27 133 -1
101 8 -1
144 19 -1
154 42 -1
170 67 -1
151 118 -1
136 43 -1
76 6 -1
32 121 -1
68 3 -1
47 83 -1
71 166 -1
60 49 -1
15 172 -1
46 68 -1
27 70 -1
116 162 -1
11 96 -1
49 109 -1
3 77 -1
163 16 -1
50 59 -1
110 20 -1
69 14 -1
91 52 -1
86 153 -1
56 121 -1
19 146 -1
171 30 -1
38 131 -1
14 71 -1
50 63 -1
2 162 -1
165 22 -1
129 153 -1
60 23 -1
56 66 -1
148 28 -1
157 55 -1
80 52 -1
158 53 -1
71 148 -1
46 123 -1
9 177 -1
137 80 -1
71 44 -1
83 50 -1
92 147 -1
1 90 -1
29 168 -1
43 112 -1
138 93 -1
92 37 -1
