84 93 1
110 62 1
73 114 1
14 3 1
141 174 1
115 63 1
173 142 1
54 8 1
38 35 1
152 168 1
137 139 1
30 27 1
18 15 1
44 1 1
99 81 1
129 81 1
57 2 1
150 172 1
9 1 1
170 142 1
144 167 1
45 0 1
118 108 1
1 15 1
40 25 1
25 7 1
2 0 1
18 12 1
85 95 1
79 99 1
114 109 1
177 149 1
41 11 1
67 96 1
137 176 1
72 120 1
132 151 1
64 91 1
105 63 1
1 57 1
43 29 1
90 69 1
163 171 1
175 166 1
103 116 1
79 81 1
89 81 1
146 164 1
84 85 1
18 57 1
12 47 1
142 177 1
16 22 1
132 157 1
103 82 1
71 119 1
171 170 1
48 32 1
9 22 1
7 42 1
52 38 1
109 110 1
54 51 1
56 31 1
73 76 1
114 91 1
82 78 1
106 96 1
126 129 1
157 173 1
9 6 1
54 17 1
162 148 1
153 173 1
74 101 1
170 152 1
143 138 1
34 39 1
135 132 1
109 96 1
85 75 1
136 131 1
17 0 1
128 74 1
26 49 1
110 74 1
73 108 1
135 137 1
37 35 1
176 167 1
130 163 1
123 114 1
37 41 1
162 130 1
34 28 1
130 137 1
48 18 1
95 67 1
10 22 1
74 98 1
123 75 1
43 37 1
121 96 1
31 49 1
62 94 1
0 34 1
94 62 1
42 15 1
174 142 1
65 70 1
58 29 1
150 167 1
89 121 1
45 5 1
174 160 1
54 18 1
58 5 1
123 108 1
62 85 1
57 38 1
50 26 1
89 125 1
101 111 1
91 87 1
12 50 1
126 75 1
113 123 1
80 81 1
93 128 1
33 35 1
112 119 1
150 145 1
84 115 1
7 28 1
175 149 1
115 85 1
66 99 1
109 87 1
137 169 1
38 36 1
99 60 1
163 150 1
64 80 1
152 163 1
11 42 1
66 69 1
1 16 1
70 121 1
43 48 1
153 138 1
