84 93 1
110 62 1
73 114 1
14 3 1
141 174 1
115 63 1
173 142 1
54 8 1
38 35 1
152 168 1
137 139 1
30 27 1
18 15 1
44 1 1
99 81 1
129 81 1
57 2 1
150 172 1
9 1 1
170 142 1
144 167 1
45 0 1
118 108 1
1 15 1
40 25 1
25 7 1
2 0 1
18 12 1
85 95 1
79 99 1
114 109 1
177 149 1
41 11 1
67 96 1
137 176 1
72 120 1
132 151 1
64 91 1
105 63 1
1 57 1
43 29 1
90 69 1
163 171 1
175 166 1
103 116 1
79 81 1
89 81 1
146 164 1
84 85 1
18 57 1
12 76 -1
76 47 -1
142 110 -1
177 16 -1
98 133 -1
22 132 -1
157 103 -1
43 82 -1
71 6 -1
119 171 -1
170 48 -1
100 32 -1
9 71 -1
22 154 -1
101 42 -1
52 177 -1
111 38 -1
109 54 -1
51 73 -1
10 76 -1
114 29 -1
129 157 -1
122 173 -1
9 120 -1
96 172 -1
117 6 -1
54 70 -1
139 121 -1
17 162 -1
39 59 -1
148 74 -1
53 101 -1
170 23 -1
152 3 -1
119 138 -1
34 61 -1
78 39 -1
135 109 -1
96 136 -1
92 30 -1
131 17 -1
0 128 -1
12 74 -1
26 136 -1
88 49 -1
110 54 -1
74 36 -1
108 135 -1
137 37 -1
35 176 -1
