84 93 1
110 62 1
73 114 1
14 3 1
141 174 1
115 63 1
173 142 1
54 8 1
38 35 1
152 168 1
137 139 1
30 27 1
18 15 1
44 1 1
99 81 1
129 81 1
57 2 1
150 172 1
9 1 1
170 142 1
144 167 1
45 0 1
118 108 1
1 15 1
40 25 1
25 7 1
2 0 1
18 12 1
85 95 1
79 99 1
114 109 1
177 149 1
41 11 1
67 96 1
137 176 1
72 120 1
132 151 1
64 91 1
105 63 1
1 57 1
43 29 1
90 69 1
163 171 1
175 166 1
103 116 1
79 81 1
89 81 1
146 164 1
84 85 1
18 57 1
12 47 1
142 177 1
16 22 1
132 157 1
103 82 1
71 119 1
171 170 1
48 32 1
9 22 1
7 42 1
52 38 1
109 110 1
54 51 1
56 31 1
73 76 1
114 91 1
82 78 1
106 96 1
126 129 1
157 173 1
9 6 1
54 17 1
162 148 1
153 173 1
74 101 1
170 23 -1
152 3 -1
119 138 -1
34 61 -1
78 39 -1
135 109 -1
96 136 -1
92 30 -1
131 17 -1
0 128 -1
12 74 -1
26 136 -1
88 49 -1
110 54 -1
74 36 -1
108 135 -1
137 37 -1
35 176 -1
17 167 -1
130 113 -1
97 49 -1
93 33 -1
163 123 -1
164 24 -1
145 114 -1
37 162 -1
17 130 -1
34 127 -1
28 130 -1
45 64 -1
61 2 -1
45 120 -1
37 66 -1
137 48 -1
18 95 -1
167 67 -1
10 74 -1
156 30 -1
98 167 -1
157 9 -1
151 7 -1
146 13 -1
75 43 -1
37 121 -1
163 96 -1
31 145 -1
144 49 -1
62 134 -1
138 94 -1
0 94 -1
31 154 -1
62 42 -1
156 71 -1
15 174 -1
54 142 -1
65 27 -1
177 70 -1
58 127 -1
77 154 -1
158 66 -1
121 29 -1
150 99 -1
167 89 -1
121 45 -1
5 174 -1
44 89 -1
38 160 -1
54 99 -1
5 123 -1
148 26 -1
108 57 -1
139 61 -1
38 89 -1
22 125 -1
101 146 -1
