119 4 -1
119 43 -1
155 22 -1
31 106 -1
0 146 -1
121 33 -1
169 43 -1
49 156 -1
76 5 -1
133 122 -1
124 22 -1
56 96 -1
163 66 -1
167 97 -1
166 32 -1
75 10 -1
85 25 -1
10 141 -1
172 68 -1
110 8 -1
59 153 -1
57 73 -1
85 14 -1
60 51 -1
138 82 -1
108 145 -1
79 5 -1
155 102 -1
165 41 -1
128 20 -1
26 144 -1
17 94 -1
76 26 -1
175 73 -1
105 56 -1
147 34 -1
71 51 -1
86 53 -1
155 38 -1
154 66 -1
146 121 -1
123 131 -1
8 173 -1
34 151 -1
112 148 -1
7 176 -1
66 49 -1
152 17 -1
26 172 -1
115 2 -1
138 104 -1
154 103 -1
71 56 -1
101 158 -1
158 86 -1
131 92 -1
168 123 -1
99 0 -1
172 98 -1
67 169 -1
63 154 -1
40 98 -1
148 100 -1
130 103 -1
98 55 -1
19 134 -1
120 160 -1
29 100 -1
140 75 -1
54 128 -1
21 154 -1
128 15 -1
96 39 -1
152 87 -1
103 149 -1
45 120 -1
148 72 -1
74 149 -1
115 57 -1
109 157 -1
158 71 -1
116 55 -1
126 39 -1
136 64 -1
100 132 -1
173 25 -1
82 145 -1
70 46 -1
115 140 -1
33 170 -1
111 148 -1
118 50 -1
49 62 -1
52 121 -1
22 107 -1
91 50 -1
59 172 -1
8 123 -1
94 140 -1
140 66 -1
129 34 -1
112 29 -1
115 49 -1
112 165 -1
98 174 -1
39 63 -1
41 168 -1
176 40 -1
57 146 -1
70 24 -1
84 32 -1
165 48 -1
120 27 -1
43 172 -1
150 46 -1
87 23 -1
158 96 -1
143 51 -1
40 125 -1
49 107 -1
4 80 -1
131 110 -1
135 118 -1
159 77 -1
79 154 -1
106 148 -1
100 38 -1
31 148 -1
19 127 -1
136 18 -1
84 9 -1
80 54 -1
58 116 -1
64 165 -1
142 74 -1
123 55 -1
23 163 -1
21 133 -1
115 13 -1
77 52 -1
109 55 -1
93 58 -1
13 133 -1
165 22 -1
35 63 -1
102 173 -1
127 137 -1
137 75 -1
33 83 -1
22 111 -1
