119 77 1
126 119 1
99 106 1
0 56 1
146 169 1
43 49 1
156 133 1
164 163 1
134 167 1
97 75 1
10 25 1
10 8 1
59 73 1
85 60 1
51 5 1
155 133 1
102 128 1
20 26 1
144 175 1
73 105 1
56 34 1
71 86 1
53 38 1
154 146 1
144 167 1
151 131 1
8 48 1
173 151 1
112 60 1
148 176 1
66 120 1
49 17 1
26 34 1
172 138 1
104 103 1
71 74 1
56 0 1
172 169 1
63 98 1
148 155 1
100 103 1
98 120 1
160 140 1
137 154 1
128 96 1
39 45 1
120 72 1
74 88 1
149 157 1
158 136 1
64 100 1
132 173 1
25 46 1
115 60 1
140 170 1
111 118 1
61 62 1
52 22 1
107 91 1
111 59 1
172 140 1
140 142 1
66 129 1
34 29 1
115 112 1
165 174 1
39 41 1
168 176 1
152 146 1
70 84 1
32 48 1
120 116 1
83 76 1
27 43 1
172 150 1
152 158 1
96 125 1
49 14 1
10 4 1
80 110 1
135 159 1
77 79 1
86 106 1
129 100 1
103 127 1
136 165 1
142 166 1
141 163 1
21 13 1
77 62 1
52 55 1
93 63 1
102 127 1
112 75 1
33 22 1
111 128 1
27 4 1
55 6 1
81 118 1
80 93 1
