119 77 1
126 119 1
99 106 1
0 56 1
146 169 1
43 49 1
156 133 1
164 163 1
134 167 1
97 75 1
10 25 1
10 8 1
59 73 1
85 60 1
51 5 1
155 133 1
102 128 1
20 26 1
144 175 1
73 105 1
56 34 1
71 86 1
53 38 1
154 146 1
144 167 1
151 131 1
8 48 1
173 151 1
112 60 1
148 176 1
66 120 1
49 17 1
26 34 1
172 138 1
104 103 1
71 74 1
56 0 1
172 169 1
63 98 1
148 155 1
100 103 1
98 120 1
160 140 1
137 154 1
128 96 1
39 45 1
120 72 1
74 88 1
149 157 1
158 136 1
64 100 1
132 173 1
25 46 1
115 60 1
140 170 1
111 118 1
61 62 1
52 22 1
107 91 1
111 59 1
172 140 1
140 142 1
66 129 1
34 29 1
115 112 1
165 174 1
39 41 1
168 176 1
152 146 1
70 84 1
32 48 1
120 116 1
83 76 1
27 43 1
172 150 1
152 158 1
96 125 1
49 14 1
10 4 1
80 110 1
135 159 1
77 79 1
86 106 1
129 100 1
103 127 1
136 165 1
142 166 1
141 163 1
21 13 1
77 62 1
52 55 1
93 63 1
102 127 1
112 75 1
33 22 1
111 128 1
27 4 1
55 6 1
81 118 1
80 93 1
30 52 1
163 165 1
154 158 1
136 139 1
95 128 1
172 165 1
105 124 1
172 158 1
111 104 1
7 50 1
113 93 1
116 98 1
49 37 1
47 53 1
78 59 1
127 123 1
95 84 1
71 102 1
134 131 1
35 8 1
33 56 1
80 106 1
139 163 1
88 129 1
133 132 1
5 119 -1
53 73 -1
164 28 -1
109 164 -1
140 90 -1
100 28 -1
35 136 -1
151 62 -1
121 148 -1
116 47 -1
125 58 -1
18 128 -1
22 93 -1
45 144 -1
176 113 -1
25 162 -1
97 8 -1
168 9 -1
130 18 -1
67 170 -1
129 31 -1
75 24 -1
14 116 -1
149 78 -1
61 52 -1
119 33 -1
96 56 -1
100 22 -1
99 3 -1
77 12 -1
29 114 -1
101 139 -1
128 53 -1
171 47 -1
144 39 -1
61 32 -1
162 84 -1
125 43 -1
2 143 -1
150 48 -1
86 56 -1
117 14 -1
81 17 -1
109 39 -1
30 114 -1
45 87 -1
80 148 -1
7 138 -1
154 17 -1
45 101 -1
60 48 -1
64 175 -1
134 114 -1
170 45 -1
153 124 -1
4 66 -1
13 96 -1
75 157 -1
163 82 -1
91 154 -1
89 51 -1
131 107 -1
118 11 -1
32 81 -1
96 22 -1
60 159 -1
52 149 -1
134 22 -1
34 140 -1
109 20 -1
125 36 -1
112 44 -1
165 74 -1
143 106 -1
168 102 -1
46 162 -1
150 16 -1
36 121 -1
150 35 -1
97 17 -1
69 138 -1
157 0 -1
158 127 -1
115 9 -1
28 119 -1
143 95 -1
106 40 -1
60 168 -1
72 50 -1
37 107 -1
34 123 -1
93 153 -1
118 150 -1
72 135 -1
41 136 -1
63 34 -1
107 22 -1
117 139 -1
72 167 -1
30 166 -1
71 1 -1
157 73 -1
38 95 -1
108 45 -1
44 138 -1
160 80 -1
14 140 -1
165 49 -1
70 9 -1
10 81 -1
91 157 -1
93 143 -1
146 8 -1
166 62 -1
7 114 -1
14 98 -1
21 59 -1
165 24 -1
76 147 -1
28 162 -1
168 33 -1
60 174 -1
43 113 -1
99 156 -1
93 36 -1
