119 77 1
126 119 1
99 106 1
0 56 1
146 169 1
43 49 1
156 133 1
164 163 1
134 167 1
97 75 1
10 25 1
10 8 1
59 73 1
85 60 1
51 5 1
155 133 1
102 128 1
20 26 1
144 175 1
73 105 1
56 34 1
71 86 1
53 38 1
154 146 1
144 167 1
151 131 1
8 48 1
173 151 1
112 60 1
148 176 1
66 120 1
49 17 1
26 34 1
172 138 1
104 103 1
71 74 1
56 0 1
172 169 1
63 98 1
148 155 1
100 103 1
98 120 1
160 140 1
137 154 1
128 96 1
39 45 1
120 72 1
74 88 1
149 157 1
158 136 1
64 100 1
132 173 1
25 46 1
115 60 1
140 170 1
111 118 1
61 62 1
52 22 1
107 91 1
111 59 1
172 140 1
140 142 1
66 129 1
34 29 1
115 112 1
165 174 1
39 41 1
168 176 1
152 146 1
70 84 1
32 48 1
120 116 1
83 76 1
27 43 1
172 150 1
152 158 1
96 125 1
49 14 1
10 4 1
80 110 1
135 159 1
77 79 1
86 106 1
129 100 1
103 127 1
136 165 1
142 166 1
141 163 1
21 13 1
77 62 1
52 55 1
93 63 1
102 127 1
112 75 1
33 22 1
111 128 1
27 4 1
55 6 1
81 118 1
80 93 1
30 52 1
163 165 1
154 158 1
136 139 1
95 128 1
172 165 1
105 124 1
172 158 1
111 104 1
7 50 1
113 93 1
116 98 1
49 37 1
47 53 1
78 59 1
127 123 1
95 84 1
71 102 1
134 131 1
35 8 1
33 56 1
80 106 1
139 163 1
88 129 1
133 132 1
5 53 1
73 109 1
83 59 1
164 140 1
139 161 1
90 100 1
28 35 1
136 151 1
62 121 1
61 96 1
148 144 1
176 162 1
97 67 1
88 129 1
31 24 1
14 52 1
119 96 1
56 22 1
99 83 1
69 105 1
3 12 1
29 53 1
171 144 1
39 32 1
162 166 1
84 125 1
43 2 1
3 48 1
86 117 1
14 17 1
109 115 1
68 67 1
39 30 1
39 45 1
87 80 1
84 101 1
60 69 1
127 64 1
175 134 1
142 170 1
45 4 1
66 96 1
75 82 1
91 89 1
51 11 1
32 25 1
81 96 1
22 52 1
149 134 1
176 153 1
22 34 1
19 20 1
125 93 1
102 60 1
91 112 1
44 46 1
35 16 1
36 35 1
97 69 1
138 157 1
0 9 1
28 40 1
60 126 1
168 153 1
118 72 1
135 136 1
63 107 1
22 30 1
166 157 1
166 138 1
160 140 1
165 157 1
93 62 1
7 14 1
98 59 1
165 147 1
28 0 1
162 168 1
165 174 1
43 36 1
144 132 1
52 16 1
81 64 1
111 88 1
31 18 1
19 33 1
36 38 1
73 105 1
27 41 1
13 56 1
118 121 1
74 105 1
158 159 1
144 165 1
177 165 1
169 139 1
15 2 1
39 38 1
20 25 1
41 57 1
123 122 1
62 80 1
59 128 1
46 4 1
33 12 1
123 76 1
30 20 1
119 99 1
64 108 1
103 91 1
115 107 1
118 59 1
50 32 1
93 76 1
156 152 1
30 36 1
3 29 1
133 148 1
81 77 1
21 15 1
145 146 1
153 176 1
125 83 1
148 153 1
94 115 1
