119 77 1
126 119 1
99 106 1
0 56 1
146 169 1
43 49 1
156 133 1
164 163 1
134 167 1
97 75 1
10 25 1
10 8 1
59 73 1
85 60 1
51 5 1
155 133 1
102 128 1
20 26 1
144 175 1
73 105 1
56 34 1
71 86 1
53 38 1
154 146 1
144 167 1
151 131 1
8 48 1
173 151 1
112 60 1
148 176 1
66 120 1
49 17 1
26 34 1
172 138 1
104 103 1
71 74 1
56 0 1
172 169 1
63 98 1
148 155 1
100 103 1
98 120 1
160 140 1
137 154 1
128 96 1
39 45 1
120 72 1
74 88 1
149 157 1
158 136 1
64 132 -1
173 25 -1
82 145 -1
70 46 -1
115 140 -1
33 170 -1
111 148 -1
118 50 -1
49 62 -1
52 121 -1
22 107 -1
91 50 -1
59 172 -1
8 123 -1
94 140 -1
140 66 -1
129 34 -1
112 29 -1
115 49 -1
112 165 -1
98 174 -1
39 63 -1
41 168 -1
176 40 -1
57 146 -1
70 24 -1
84 32 -1
165 48 -1
120 27 -1
43 172 -1
150 46 -1
87 23 -1
158 96 -1
143 51 -1
40 125 -1
49 107 -1
4 80 -1
131 110 -1
135 118 -1
159 77 -1
79 154 -1
106 148 -1
100 38 -1
31 148 -1
19 127 -1
136 18 -1
84 9 -1
80 54 -1
58 116 -1
64 165 -1
