119 77 1
126 119 1
99 106 1
0 56 1
146 169 1
43 49 1
156 133 1
164 163 1
134 167 1
97 75 1
10 25 1
10 8 1
59 73 1
85 60 1
51 5 1
155 133 1
102 128 1
20 26 1
144 175 1
73 105 1
56 34 1
71 86 1
53 38 1
154 146 1
144 167 1
151 131 1
8 48 1
173 151 1
112 60 1
148 176 1
66 120 1
49 17 1
26 34 1
172 138 1
104 103 1
71 74 1
56 0 1
172 169 1
63 98 1
148 155 1
100 103 1
98 120 1
160 140 1
137 154 1
128 96 1
39 45 1
120 72 1
74 88 1
149 157 1
158 136 1
64 100 1
132 173 1
25 46 1
115 60 1
140 170 1
111 118 1
61 62 1
52 22 1
107 91 1
111 59 1
172 140 1
140 142 1
66 129 1
34 29 1
115 112 1
165 174 1
39 41 1
168 176 1
152 146 1
70 84 1
32 48 1
120 116 1
83 76 1
27 43 1
172 150 1
152 46 -1
87 23 -1
158 96 -1
143 51 -1
40 125 -1
49 107 -1
4 80 -1
131 110 -1
135 118 -1
159 77 -1
79 154 -1
106 148 -1
100 38 -1
31 148 -1
19 127 -1
136 18 -1
84 9 -1
80 54 -1
58 116 -1
64 165 -1
142 74 -1
123 55 -1
23 163 -1
21 133 -1
115 13 -1
77 52 -1
109 55 -1
93 58 -1
13 133 -1
165 22 -1
35 63 -1
102 173 -1
127 137 -1
137 75 -1
33 83 -1
22 111 -1
128 27 -1
96 171 -1
4 81 -1
118 12 -1
173 93 -1
30 128 -1
102 52 -1
163 110 -1
139 95 -1
7 173 -1
22 128 -1
172 79 -1
46 165 -1
105 172 -1
8 64 -1
74 43 -1
81 158 -1
111 42 -1
104 7 -1
50 113 -1
5 93 -1
116 14 -1
10 145 -1
31 175 -1
159 49 -1
98 49 -1
37 173 -1
53 78 -1
59 143 -1
162 41 -1
123 134 -1
6 108 -1
8 99 -1
68 22 -1
131 35 -1
75 8 -1
33 80 -1
153 106 -1
139 23 -1
