59 7 -1
30 88 -1
122 161 -1
69 137 -1
158 110 -1
150 84 -1
52 116 -1
114 42 -1
98 160 -1
73 39 -1
139 124 -1
175 79 -1
58 61 -1
8 117 -1
90 27 -1
35 120 -1
125 18 -1
33 85 -1
177 79 -1
83 17 -1
39 131 -1
81 139 -1
113 176 -1
61 152 -1
137 29 -1
171 39 -1
109 47 -1
48 167 -1
129 24 -1
71 45 -1
64 152 -1
63 168 -1
130 114 -1
53 83 -1
17 98 -1
14 175 -1
149 8 -1
36 80 -1
106 150 -1
95 56 -1
70 141 -1
149 28 -1
97 32 -1
10 126 -1
162 1 -1
67 8 -1
16 85 -1
46 136 -1
100 43 -1
107 130 -1
80 9 -1
58 160 -1
176 86 -1
74 139 -1
79 34 -1
11 147 -1
125 53 -1
1 95 -1
60 147 -1
96 155 -1
135 57 -1
23 115 -1
1 67 -1
45 131 -1
169 76 -1
33 80 -1
31 128 -1
155 52 -1
11 95 -1
2 173 -1
148 25 -1
90 52 -1
173 31 -1
24 172 -1
166 81 -1
18 125 -1
82 170 -1
57 120 -1
91 140 -1
171 91 -1
148 4 -1
7 82 -1
28 74 -1
54 115 -1
127 146 -1
151 65 -1
156 76 -1
105 158 -1
56 118 -1
59 176 -1
31 171 -1
139 25 -1
159 74 -1
17 140 -1
61 43 -1
170 72 -1
173 61 -1
148 110 -1
10 101 -1
5 128 -1
