59 7 -1
30 88 -1
122 161 -1
69 137 -1
158 110 -1
150 84 -1
52 116 -1
114 42 -1
98 160 -1
73 39 -1
139 124 -1
175 79 -1
58 61 -1
8 117 -1
90 27 -1
35 120 -1
125 18 -1
33 85 -1
177 79 -1
83 17 -1
39 131 -1
81 139 -1
113 176 -1
61 152 -1
137 29 -1
171 39 -1
109 47 -1
48 167 -1
129 24 -1
71 45 -1
64 152 -1
63 168 -1
130 114 -1
53 83 -1
17 98 -1
14 175 -1
149 8 -1
36 80 -1
106 150 -1
95 56 -1
70 141 -1
149 28 -1
97 32 -1
10 126 -1
162 1 -1
67 8 -1
16 85 -1
46 136 -1
100 43 -1
107 130 -1
80 9 -1
58 160 -1
176 86 -1
74 139 -1
79 34 -1
11 147 -1
125 53 -1
1 95 -1
60 147 -1
96 155 -1
135 57 -1
23 115 -1
1 67 -1
45 131 -1
169 76 -1
33 80 -1
31 128 -1
155 52 -1
11 95 -1
2 173 -1
148 25 -1
90 52 -1
173 31 -1
24 172 -1
166 81 -1
18 125 -1
82 170 -1
57 120 -1
91 140 -1
171 91 -1
148 4 -1
7 82 -1
28 74 -1
54 115 -1
127 146 -1
151 65 -1
156 76 -1
105 158 -1
56 118 -1
59 176 -1
31 171 -1
139 25 -1
159 74 -1
17 140 -1
61 43 -1
170 72 -1
173 61 -1
148 110 -1
10 101 -1
5 128 -1
79 56 -1
5 83 -1
112 146 -1
164 94 -1
46 139 -1
12 86 -1
124 45 -1
111 165 -1
15 65 -1
20 78 -1
166 25 -1
29 90 -1
107 34 -1
41 85 -1
21 174 -1
107 1 -1
112 153 -1
162 61 -1
108 35 -1
68 11 -1
80 23 -1
177 118 -1
89 19 -1
40 99 -1
44 69 -1
33 173 -1
20 151 -1
52 62 -1
80 9 -1
96 37 -1
7 102 -1
27 90 -1
55 113 -1
125 50 -1
147 123 -1
12 164 -1
52 144 -1
35 70 -1
164 30 -1
122 17 -1
173 32 -1
149 60 -1
81 16 -1
9 60 -1
141 81 -1
51 108 -1
93 131 -1
117 167 -1
133 12 -1
62 164 -1
64 7 -1
56 174 -1
46 73 -1
138 26 -1
127 131 -1
86 31 -1
15 127 -1
32 149 -1
1 163 -1
86 132 -1
102 143 -1
0 61 -1
29 117 -1
26 76 -1
35 102 -1
162 32 -1
15 177 -1
77 48 -1
117 49 -1
102 146 -1
26 135 -1
142 101 -1
143 23 -1
130 0 -1
92 20 -1
31 70 -1
20 169 -1
105 40 -1
44 111 -1
169 39 -1
40 95 -1
4 169 -1
26 170 -1
163 33 -1
171 78 -1
53 116 -1
58 61 -1
31 100 -1
97 22 -1
27 66 -1
84 18 -1
84 48 -1
155 124 -1
110 150 -1
113 141 -1
162 127 -1
126 17 -1
142 48 -1
71 10 -1
9 151 -1
