59 88 1
122 60 1
76 69 1
137 158 1
110 84 1
52 42 1
98 73 1
99 124 1
175 177 1
143 131 1
81 113 1
176 152 1
137 171 1
39 47 1
48 24 1
71 64 1
126 63 1
91 75 1
168 130 1
114 83 1
17 15 1
18 16 1
98 80 1
106 105 1
150 141 1
149 138 1
28 32 1
10 1 1
67 85 1
46 43 1
107 80 1
9 58 1
29 34 1
11 21 1
147 155 1
135 131 1
169 155 1
171 173 1
148 173 1
31 24 1
172 166 1
81 125 1
82 107 1
170 140 1
171 144 1
91 82 1
28 3 1
74 115 1
127 71 1
146 151 1
65 76 1
105 104 1
158 176 1
31 25 1
159 140 1
61 72 1
173 148 1
110 101 1
5 56 1
5 46 1
139 165 1
15 20 1
78 90 1
107 117 1
34 41 1
85 107 1
1 35 1
68 80 1
23 19 1
40 44 1
69 62 1
80 73 1
80 96 1
37 7 1
102 90 1
55 50 1
147 164 1
52 1 1
53 35 1
70 122 1
70 110 1
17 32 1
149 141 1
81 108 1
93 117 1
167 133 1
170 155 1
12 7 1
56 46 1
73 127 1
131 149 1
1 0 1
61 117 1
26 35 1
8 32 1
15 48 1
117 60 1
49 26 1
26 43 1
135 142 1
