59 88 1
122 60 1
76 69 1
137 158 1
110 84 1
52 42 1
98 73 1
99 124 1
175 177 1
143 131 1
81 113 1
176 152 1
137 171 1
39 47 1
48 24 1
71 64 1
126 63 1
91 75 1
168 130 1
114 83 1
17 15 1
18 16 1
98 80 1
106 105 1
150 141 1
149 138 1
28 32 1
10 1 1
67 85 1
46 43 1
107 80 1
9 58 1
29 34 1
11 21 1
147 155 1
135 131 1
169 155 1
171 173 1
148 173 1
31 24 1
172 166 1
81 125 1
82 107 1
170 140 1
171 144 1
91 82 1
28 3 1
74 115 1
127 71 1
146 151 1
65 76 1
105 104 1
158 176 1
31 25 1
159 140 1
61 72 1
173 148 1
110 101 1
5 56 1
5 46 1
139 165 1
15 20 1
78 90 1
107 117 1
34 41 1
85 107 1
1 35 1
68 80 1
23 19 1
40 44 1
69 62 1
80 73 1
80 96 1
37 7 1
102 90 1
55 50 1
147 164 1
52 1 1
53 35 1
70 122 1
70 110 1
17 32 1
149 141 1
81 108 1
93 117 1
167 133 1
170 155 1
12 7 1
56 46 1
73 127 1
131 149 1
1 0 1
61 117 1
26 35 1
8 32 1
15 48 1
117 60 1
49 26 1
26 43 1
135 142 1
140 101 -1
143 23 -1
130 0 -1
92 20 -1
31 70 -1
20 169 -1
105 40 -1
44 111 -1
169 39 -1
40 95 -1
4 169 -1
26 170 -1
163 33 -1
171 78 -1
53 116 -1
58 61 -1
31 100 -1
97 22 -1
27 66 -1
84 18 -1
84 48 -1
155 124 -1
110 150 -1
113 141 -1
162 127 -1
126 17 -1
142 48 -1
71 10 -1
9 151 -1
71 40 -1
95 12 -1
84 169 -1
59 173 -1
9 144 -1
43 164 -1
112 175 -1
81 37 -1
47 117 -1
164 17 -1
134 128 -1
88 49 -1
138 97 -1
44 159 -1
139 87 -1
65 165 -1
78 165 -1
4 87 -1
153 69 -1
96 21 -1
15 84 -1
117 17 -1
11 145 -1
0 130 -1
33 111 -1
173 21 -1
100 172 -1
99 177 -1
31 84 -1
68 15 -1
135 52 -1
157 50 -1
136 96 -1
139 82 -1
36 157 -1
115 3 -1
1 68 -1
58 76 -1
23 61 -1
44 176 -1
56 144 -1
129 55 -1
175 58 -1
123 146 -1
73 138 -1
148 82 -1
32 106 -1
1 172 -1
10 59 -1
173 126 -1
62 174 -1
38 142 -1
72 18 -1
134 106 -1
38 94 -1
167 89 -1
91 47 -1
34 81 -1
143 41 -1
113 146 -1
106 52 -1
102 16 -1
19 165 -1
34 175 -1
115 31 -1
31 84 -1
120 144 -1
153 47 -1
118 158 -1
110 44 -1
28 139 -1
