59 88 1
122 60 1
76 69 1
137 158 1
110 84 1
52 42 1
98 73 1
99 124 1
175 177 1
143 131 1
81 113 1
176 152 1
137 171 1
39 47 1
48 24 1
71 64 1
126 63 1
91 75 1
168 130 1
114 83 1
17 15 1
18 16 1
98 80 1
106 105 1
150 141 1
149 138 1
28 32 1
10 1 1
67 85 1
46 43 1
107 80 1
9 58 1
29 34 1
11 21 1
147 155 1
135 131 1
169 155 1
171 173 1
148 173 1
31 24 1
172 166 1
81 125 1
82 107 1
170 140 1
171 144 1
91 82 1
28 3 1
74 115 1
127 71 1
146 151 1
65 76 1
105 104 1
158 176 1
31 25 1
159 140 1
61 72 1
173 148 1
110 101 1
5 56 1
5 46 1
139 165 1
15 20 1
78 90 1
107 117 1
34 41 1
85 107 1
1 35 1
68 80 1
23 19 1
40 44 1
69 62 1
80 73 1
80 96 1
37 7 1
102 90 1
55 50 1
147 164 1
52 1 1
53 35 1
70 122 1
70 110 1
17 32 1
149 141 1
81 108 1
93 117 1
167 133 1
170 155 1
12 7 1
56 46 1
73 127 1
131 149 1
1 0 1
61 117 1
26 35 1
8 32 1
15 48 1
117 60 1
49 26 1
26 43 1
135 142 1
140 143 1
23 0 1
92 70 1
20 36 1
169 153 1
137 169 1
26 33 1
171 155 1
124 110 1
72 113 1
112 127 1
126 71 1
10 9 1
151 169 1
59 112 1
175 164 1
17 49 1
138 159 1
139 165 1
78 87 1
153 145 1
0 33 1
53 21 1
100 99 1
109 84 1
68 127 1
15 52 1
157 136 1
96 82 1
36 3 1
1 58 1
76 61 1
44 56 1
144 175 1
58 32 1
106 59 1
173 174 1
38 18 1
134 167 1
89 91 1
47 34 1
81 113 1
64 95 1
63 87 1
89 96 1
146 165 1
34 31 1
31 47 1
118 110 1
75 99 1
68 151 -1
14 71 -1
167 33 -1
80 46 -1
52 140 -1
83 25 -1
60 44 -1
46 107 -1
6 62 -1
82 45 -1
73 144 -1
166 111 -1
161 22 -1
4 172 -1
77 130 -1
124 25 -1
35 115 -1
83 159 -1
129 51 -1
10 177 -1
135 92 -1
91 1 -1
158 100 -1
151 16 -1
126 167 -1
94 54 -1
52 99 -1
103 36 -1
8 137 -1
58 136 -1
16 164 -1
71 9 -1
51 94 -1
154 41 -1
89 36 -1
105 46 -1
26 100 -1
100 21 -1
37 79 -1
45 141 -1
27 118 -1
13 156 -1
21 79 -1
85 30 -1
130 24 -1
28 113 -1
126 172 -1
122 44 -1
39 62 -1
87 11 -1
144 114 -1
166 0 -1
92 31 -1
79 22 -1
62 54 -1
46 90 -1
92 3 -1
61 10 -1
65 133 -1
15 77 -1
101 153 -1
38 120 -1
141 34 -1
116 134 -1
149 126 -1
157 85 -1
158 80 -1
129 42 -1
156 70 -1
22 81 -1
88 58 -1
103 153 -1
79 24 -1
76 10 -1
0 136 -1
152 113 -1
120 164 -1
61 41 -1
23 105 -1
2 64 -1
104 163 -1
175 122 -1
55 122 -1
98 135 -1
147 99 -1
118 134 -1
4 61 -1
71 46 -1
85 173 -1
109 3 -1
99 25 -1
90 45 -1
109 51 -1
100 149 -1
79 168 -1
91 57 -1
145 99 -1
56 115 -1
42 174 -1
93 46 -1
80 164 -1
114 9 -1
103 53 -1
143 40 -1
160 10 -1
171 34 -1
133 68 -1
5 135 -1
17 169 -1
36 162 -1
90 132 -1
111 36 -1
1 137 -1
44 148 -1
69 162 -1
120 149 -1
4 127 -1
4 175 -1
161 87 -1
11 81 -1
13 141 -1
17 134 -1
96 150 -1
171 119 -1
7 78 -1
51 170 -1
57 172 -1
137 29 -1
176 86 -1
55 92 -1
36 104 -1
103 171 -1
131 96 -1
166 110 -1
113 50 -1
86 138 -1
169 93 -1
20 91 -1
167 72 -1
105 46 -1
66 151 -1
174 103 -1
65 32 -1
51 150 -1
44 165 -1
118 140 -1
154 72 -1
98 28 -1
81 135 -1
143 123 -1
