59 88 1
122 60 1
76 69 1
137 158 1
110 84 1
52 42 1
98 73 1
99 124 1
175 177 1
143 131 1
81 113 1
176 152 1
137 171 1
39 47 1
48 24 1
71 64 1
126 63 1
91 75 1
168 130 1
114 83 1
17 15 1
18 16 1
98 80 1
106 105 1
150 141 1
149 138 1
28 32 1
10 1 1
67 85 1
46 43 1
107 80 1
9 58 1
29 34 1
11 21 1
147 155 1
135 131 1
169 155 1
171 173 1
148 173 1
31 24 1
172 166 1
81 125 1
82 107 1
170 140 1
171 144 1
91 82 1
28 3 1
74 115 1
127 71 1
146 151 1
65 76 1
105 104 1
158 176 1
31 25 1
159 140 1
61 72 1
173 148 1
110 101 1
5 56 1
5 46 1
139 165 1
15 20 1
78 90 1
107 117 1
34 41 1
85 107 1
1 35 1
68 80 1
23 19 1
40 44 1
69 62 1
80 73 1
80 96 1
37 7 1
102 90 1
55 50 1
147 164 1
52 1 1
53 35 1
70 122 1
70 110 1
17 32 1
149 141 1
81 108 1
93 117 1
167 133 1
170 155 1
12 7 1
56 46 1
73 127 1
131 149 1
1 0 1
61 117 1
26 35 1
8 32 1
15 48 1
117 60 1
49 26 1
26 43 1
135 142 1
140 143 1
23 0 1
92 70 1
20 36 1
169 153 1
137 169 1
26 33 1
171 155 1
124 110 1
72 113 1
112 127 1
126 71 1
10 9 1
151 169 1
59 112 1
175 164 1
17 49 1
138 159 1
139 165 1
78 87 1
153 145 1
0 33 1
53 21 1
100 99 1
109 84 1
68 127 1
15 52 1
157 136 1
96 82 1
36 3 1
1 58 1
76 61 1
44 56 1
144 175 1
58 32 1
106 59 1
173 174 1
38 18 1
134 167 1
89 91 1
47 34 1
81 113 1
64 95 1
63 87 1
89 96 1
146 165 1
34 31 1
31 47 1
118 110 1
75 99 1
68 123 1
151 167 1
33 46 1
52 18 1
140 144 1
166 163 1
111 77 1
106 62 1
130 159 1
129 92 1
91 69 1
1 16 1
126 94 1
54 52 1
46 23 1
99 103 1
63 71 1
107 94 1
154 141 1
27 13 1
7 21 1
79 85 1
30 24 1
28 16 1
113 126 1
74 62 1
172 144 1
152 171 1
114 92 1
31 22 1
62 90 1
92 61 1
10 15 1
16 21 1
77 101 1
109 120 1
141 134 1
149 157 1
85 80 1
129 70 1
22 37 1
81 88 1
115 103 1
153 136 1
152 163 1
171 164 1
61 121 1
93 105 1
2 55 1
122 98 1
135 147 1
174 167 1
169 133 1
164 154 1
148 134 1
4 46 1
85 116 1
173 149 1
79 66 1
168 145 1
99 115 1
42 46 1
80 114 1
9 53 1
143 160 1
10 34 1
133 135 1
17 36 1
162 132 1
111 69 1
162 149 1
4 11 1
37 44 1
28 29 1
81 96 1
150 171 1
119 78 1
51 30 1
170 172 1
137 176 1
86 92 1
36 50 1
86 93 1
20 46 1
66 64 1
97 86 1
151 174 1
103 65 1
32 51 1
12 44 1
165 140 1
154 135 1
143 132 1
17 23 1
105 63 1
120 117 1
160 145 1
171 157 1
165 144 1
128 62 1
142 167 1
32 10 1
146 133 1
39 19 1
121 101 1
160 146 1
98 109 1
59 86 1
78 79 1
63 76 1
80 95 1
23 10 1
79 71 1
141 160 1
90 80 1
107 69 1
63 127 1
122 69 1
29 8 1
74 110 1
120 78 1
134 149 1
171 147 1
35 30 1
126 119 1
150 135 1
32 23 1
145 166 1
173 141 1
137 172 1
139 140 1
143 140 1
153 132 1
161 157 1
100 98 1
110 59 1
123 85 1
152 151 1
31 58 1
16 43 1
110 107 1
156 161 1
83 60 1
137 157 1
106 124 1
125 98 1
98 89 1
29 3 1
125 75 1
152 158 1
