59 88 1
122 60 1
76 69 1
137 158 1
110 84 1
52 42 1
98 73 1
99 124 1
175 177 1
143 131 1
81 113 1
176 152 1
137 171 1
39 47 1
48 24 1
71 64 1
126 63 1
91 75 1
168 130 1
114 83 1
17 15 1
18 16 1
98 80 1
106 105 1
150 141 1
149 138 1
28 32 1
10 1 1
67 85 1
46 43 1
107 80 1
9 58 1
29 34 1
11 21 1
147 155 1
135 131 1
169 155 1
171 173 1
148 173 1
31 24 1
172 166 1
81 125 1
82 107 1
170 140 1
171 144 1
91 82 1
28 3 1
74 115 1
127 71 1
146 151 1
65 156 -1
76 158 -1
56 118 -1
59 176 -1
31 171 -1
139 25 -1
159 74 -1
17 140 -1
61 43 -1
170 72 -1
173 61 -1
148 110 -1
10 101 -1
5 128 -1
79 56 -1
5 83 -1
112 146 -1
164 94 -1
46 139 -1
12 86 -1
124 45 -1
111 165 -1
15 65 -1
20 78 -1
166 25 -1
29 90 -1
107 34 -1
41 85 -1
21 174 -1
107 1 -1
112 153 -1
162 61 -1
108 35 -1
68 11 -1
80 23 -1
177 118 -1
89 19 -1
40 99 -1
44 69 -1
33 173 -1
20 151 -1
52 62 -1
80 9 -1
96 37 -1
7 102 -1
27 90 -1
55 113 -1
125 50 -1
147 123 -1
12 164 -1
