59 88 1
122 60 1
76 69 1
137 158 1
110 84 1
52 42 1
98 73 1
99 124 1
175 177 1
143 131 1
81 113 1
176 152 1
137 171 1
39 47 1
48 24 1
71 64 1
126 63 1
91 75 1
168 130 1
114 83 1
17 15 1
18 16 1
98 80 1
106 105 1
150 141 1
149 138 1
28 32 1
10 1 1
67 85 1
46 43 1
107 80 1
9 58 1
29 34 1
11 21 1
147 155 1
135 131 1
169 155 1
171 173 1
148 173 1
31 24 1
172 166 1
81 125 1
82 107 1
170 140 1
171 144 1
91 82 1
28 3 1
74 115 1
127 71 1
146 151 1
65 76 1
105 104 1
158 176 1
31 25 1
159 140 1
61 72 1
173 148 1
110 101 1
5 56 1
5 46 1
139 165 1
15 20 1
78 90 1
107 117 1
34 41 1
85 107 1
1 35 1
68 80 1
23 19 1
40 44 1
69 62 1
80 73 1
80 96 1
37 7 1
102 90 1
55 113 -1
125 50 -1
147 123 -1
12 164 -1
52 144 -1
35 70 -1
164 30 -1
122 17 -1
173 32 -1
149 60 -1
81 16 -1
9 60 -1
141 81 -1
51 108 -1
93 131 -1
117 167 -1
133 12 -1
62 164 -1
64 7 -1
56 174 -1
46 73 -1
138 26 -1
127 131 -1
86 31 -1
15 127 -1
32 149 -1
1 163 -1
86 132 -1
102 143 -1
0 61 -1
29 117 -1
26 76 -1
35 102 -1
162 32 -1
15 177 -1
77 48 -1
117 49 -1
102 146 -1
26 135 -1
142 101 -1
143 23 -1
130 0 -1
92 20 -1
31 70 -1
20 169 -1
105 40 -1
44 111 -1
169 39 -1
40 95 -1
4 169 -1
26 170 -1
163 33 -1
171 78 -1
53 116 -1
58 61 -1
31 100 -1
97 22 -1
27 66 -1
84 18 -1
84 48 -1
155 124 -1
110 150 -1
113 141 -1
162 127 -1
126 17 -1
142 48 -1
71 10 -1
9 151 -1
71 40 -1
95 12 -1
84 169 -1
59 173 -1
9 144 -1
43 164 -1
112 175 -1
